p_val	avg_log2FC	pct.1	pct.2	p_val_adj	cluster	gene
4.46705838531467e-216	3.0287082748996	0.634	0.204	1.50513065234793e-211	c5	HIST1H2AC
7.6296817653914e-179	1.61617136037908	0.852	0.434	2.57074497403098e-174	c5	NR4A2
1.05494913199328e-176	1.68395311026076	0.864	0.527	3.55454560533816e-172	c5	CD69
6.05923084143684e-162	3.67661041137499	0.552	0.192	2.04159723971373e-157	c5	HIST2H2AA4
6.28810742212213e-157	1.813952797563	0.891	0.7	2.11871491480983e-152	c5	HSPD1
9.23582914533283e-143	0.436073414754403	1	0.999	3.11192027222845e-138	c5	RPS27
2.96345487409524e-140	2.16412295020178	0.612	0.255	9.98506485277651e-136	c5	HSPH1
4.22885503854828e-131	1.57501308667125	0.87	0.679	1.42487041668846e-126	c5	STK17A
6.55614679751674e-130	0.462976869476535	1	0.998	2.20902810195529e-125	c5	RPL30
8.21999397733327e-128	1.02474183542977	0.965	0.867	2.76964477072267e-123	c5	CYTIP
8.30281548541491e-128	1.68078815357715	0.669	0.311	2.7975506496557e-123	c5	TAGAP
1.46448069066781e-126	1.09702679790555	0.948	0.811	4.93442123913613e-122	c5	MT-ND2
8.70486513202349e-126	0.466917460573594	0.999	0.997	2.93301725758399e-121	c5	RPL34
4.94069555183005e-115	1.20181687426848	0.905	0.743	1.66471795923362e-110	c5	KLF6
7.10302032627725e-115	0.508015025009312	1	0.998	2.39329166873586e-110	c5	RPS12
5.09012043162974e-108	2.03862505648512	0.645	0.335	1.71506517823332e-103	c5	HIST1H1C
1.85058540093782e-107	0.395699927061553	0.999	0.999	6.23536244991988e-103	c5	RPL39
2.78225508584697e-103	1.34146110616958	0.741	0.45	9.37453028625277e-99	c5	PTP4A1
9.76707182466097e-101	1.67150021695719	0.662	0.387	3.29091718060127e-96	c5	FAM177A1
4.41967001266054e-99	1.26751341462384	0.805	0.607	1.48916361406584e-94	c5	CDKN1B
2.84193442760377e-97	0.434354551815192	1	0.998	9.57561386036816e-93	c5	RPL13
5.7109989795623e-97	1.09146748707624	0.943	0.822	1.92426399617372e-92	c5	HSP90AB1
1.42237190109753e-93	0.446925878128434	0.999	0.998	4.79253988355802e-89	c5	RPS18
3.21568436732097e-92	1.13074561869071	0.894	0.732	1.08349269072513e-87	c5	CXCR4
4.77969432685522e-92	0.800718105632434	0.979	0.91	1.6104702064906e-87	c5	MT-CYB
5.48532498031859e-90	0.39711387329977	0.999	0.997	1.84822539886855e-85	c5	RPS27A
3.85929056282357e-89	3.29385553229031	0.198	0.037	1.30034936223777e-84	c5	HIST2H2BF
1.64544976180134e-88	0.390617876713067	1	0.998	5.54417842741343e-84	c5	RPL32
1.18064996646035e-87	1.10968890191043	0.824	0.633	3.97808199699152e-83	c5	PIK3R1
1.51819729979888e-86	2.31965636376464	0.327	0.102	5.11541398194236e-82	c5	RP11-51J9.5
3.00423073108773e-86	0.724820019524121	0.988	0.942	1.0122455025327e-81	c5	MT-ND4
5.28362579475679e-86	0.377826613623619	1	0.998	1.78026487528535e-81	c5	RPS28
1.49634924021865e-85	0.481883008259776	0.995	0.991	5.04179912999273e-81	c5	RPL21
2.18461098467381e-85	1.08596942730383	0.81	0.611	7.36082825175993e-81	c5	STK17B
6.60960508825482e-85	1.12730351638993	0.803	0.63	2.22704033843658e-80	c5	SELK
8.6245901167643e-85	2.7477347870656	0.203	0.04	2.90596939394256e-80	c5	DNAJA4
1.11141866905956e-84	0.413632958953094	0.998	0.997	3.74481406352929e-80	c5	RPS29
4.56341207332916e-81	0.357676139632653	0.999	0.997	1.53759606398753e-76	c5	RPL35A
1.37323130359769e-79	0.382423059216039	0.999	0.997	4.62696555434206e-75	c5	RPS23
7.40848069165034e-79	0.346742417202922	0.999	0.998	2.49621348424466e-74	c5	RPL19
7.6807808646758e-79	0.353782400406935	1	0.997	2.58796230454387e-74	c5	RPL11
2.64032968999942e-78	0.381749973645995	0.998	0.997	8.89632685748406e-74	c5	RPS25
6.25308678646208e-78	0.508087092080257	1	0.993	2.10691506183053e-73	c5	EIF1
5.78881962162641e-77	2.04999379543212	0.639	0.386	1.9504848833108e-72	c5	ANXA1
1.91190492013454e-76	0.445705081316767	0.998	0.989	6.44197243790132e-72	c5	RPL35
2.26594306823977e-76	1.59108426512403	0.582	0.326	7.63486857412708e-72	c5	CCNH
6.10838237697181e-75	0.840785997621481	0.881	0.736	2.05815835809688e-70	c5	SNHG8
1.63563934690237e-74	0.352843586805912	1	0.998	5.51112321545284e-70	c5	RPL37
7.52729291442533e-70	0.960704003039559	0.863	0.716	2.53624607458647e-65	c5	TNFAIP3
1.30304666824141e-69	0.266510158355286	1	0.999	4.39048544397259e-65	c5	AC090498.1
9.24106124061123e-69	0.492859098008008	0.983	0.963	3.11368317441155e-64	c5	RPL38
5.75745005218237e-68	0.421190842186061	0.996	0.991	1.93991522058233e-63	c5	RPL9
6.70169389837563e-68	1.39156040268209	0.572	0.341	2.25806874211869e-63	c5	HSPB1
1.24375267023656e-67	0.36582471402724	1	0.997	4.19070024709505e-63	c5	RPS14
1.40486606238752e-67	0.960733733560998	0.876	0.761	4.73355571060852e-63	c5	EZR
4.75986926427422e-67	0.577122045764142	0.999	0.997	1.60379034990455e-62	c5	TMSB4X
1.33082979065482e-65	0.329750514349337	0.999	0.997	4.48409789663236e-61	c5	RPL36
7.89478570957101e-65	1.47205738862342	0.557	0.335	2.66006909698286e-60	c5	PTGER4
1.01605301189542e-64	0.350736612079419	0.999	0.998	3.42348901828042e-60	c5	RPS3
5.07470314023878e-64	1.74825516987183	0.434	0.203	1.70987047607205e-59	c5	NFKBIZ
5.83461376721108e-64	0.642727018254244	0.929	0.768	1.9659147627241e-59	c5	SLC2A3
6.37632911019217e-64	0.324630514861298	0.999	0.997	2.14844033038815e-59	c5	RPS21
1.01972081425578e-63	0.956011131405837	0.836	0.738	3.43584731155341e-59	c5	LITAF
2.47834426612873e-62	1.02964941874318	0.704	0.469	8.35053317029416e-58	c5	REL
1.69178367068689e-61	0.360204615366929	0.999	0.999	5.7002959000124e-57	c5	EEF1A1
5.37243884032979e-61	1.10515412279268	0.979	0.975	1.81018954286072e-56	c5	FTH1
3.46888171786942e-59	1.49427266590752	0.775	0.686	1.16880500601892e-54	c5	JUNB
1.40303243676677e-58	0.718776268701934	0.807	0.507	4.72737749244195e-54	c5	IL7R
5.2755816650099e-58	2.32007000513435	0.129	0.023	1.77755448620844e-53	c5	GRASP
8.15334883445601e-57	0.690278214797999	0.978	0.961	2.74718935628161e-52	c5	BTG1
2.28504341684259e-56	0.526153231869904	0.984	0.946	7.69922528870942e-52	c5	MT-CO3
3.34699537597288e-56	0.82965868827183	0.821	0.67	1.1277366219803e-51	c5	CLEC2B
4.64369700821256e-56	0.348857643168466	0.999	0.993	1.56464726994714e-51	c5	RPLP2
3.41236030418753e-55	0.274327801779548	0.999	0.998	1.14976068089295e-50	c5	RPL26
1.322428546677e-54	1.04791638047755	0.697	0.539	4.45579074517347e-50	c5	CCT4
5.06624742149496e-54	0.537248048094386	0.996	0.969	1.70702140619851e-49	c5	MT-ATP6
4.87416153121185e-53	3.44665228061004	0.109	0.018	1.64229998632652e-48	c5	HIST2H2AA3
5.48029427790518e-52	0.369071392448144	0.994	0.996	1.84653035399737e-47	c5	RPS6
6.45844922987416e-52	0.369985000402031	0.995	0.993	2.1761098835138e-47	c5	RPS3A
3.386175973104e-51	1.94269759575117	0.271	0.102	1.14093813237766e-46	c5	HIST1H4J
4.80528118240813e-51	1.01586951168109	0.645	0.443	1.61909144160059e-46	c5	XBP1
9.51276289661909e-51	0.488365922981185	0.995	0.964	3.20523033038684e-46	c5	MT-ATP8
3.12684771098463e-50	0.865909398723971	0.794	0.674	1.05356006773916e-45	c5	MCL1
3.99258817784947e-50	0.440812387010948	0.976	0.963	1.3452626606446e-45	c5	RPL10A
8.09023127030801e-50	0.780881710465346	0.692	0.493	2.72592252421758e-45	c5	JUN
4.55603551234265e-49	0.348429805219606	0.985	0.989	1.53511060552873e-44	c5	RPS10
4.62384048729139e-49	0.852640663746135	0.77	0.628	1.55795681378796e-44	c5	CDC42SE2
4.20901943227004e-48	0.324882016890521	0.994	0.993	1.41818700750907e-43	c5	RPL23A
8.96295312344143e-48	0.389861769206133	1	1	3.01997742541236e-43	c5	MALAT1
1.42710820671362e-47	0.749232407211752	0.824	0.781	4.80849839170087e-43	c5	NDUFS5
2.35448852465154e-47	1.31517706566796	0.534	0.352	7.9332136349609e-43	c5	TCP1
3.47774242581848e-47	0.477149990383801	0.966	0.929	1.17179053295528e-42	c5	EEF1B2
2.27868500132268e-46	0.941583740593885	0.648	0.484	7.67780124345665e-42	c5	PNRC2
5.19743711368341e-46	0.269150094576962	0.996	0.997	1.75122446108449e-41	c5	RPS7
1.67273369385967e-45	0.236973587900945	0.998	0.998	5.63610890809079e-41	c5	RPS15
3.19088514857507e-45	0.838278646884183	0.726	0.568	1.07513684196088e-40	c5	RPL22L1
1.67834760625596e-43	0.631283385001719	0.437	0.23	5.65502442451883e-39	c5	DUSP1
2.74309241254592e-42	1.80946976219161	0.229	0.085	9.24257557483223e-38	c5	YES1
4.01932806116144e-42	0.270460760419835	0.998	0.997	1.35427239692774e-37	c5	RPL29
4.14722532413604e-42	0.908902156125016	0.689	0.512	1.3973661007144e-37	c5	BIRC3
2.16840912964579e-41	0.668454741809931	0.922	0.882	7.30623772142854e-37	c5	ZFP36L2
4.45172389229245e-41	0.270091739493875	0.999	0.996	1.49996384826902e-36	c5	RPL24
7.67504271848346e-41	0.339898285880076	0.994	0.988	2.58602889356582e-36	c5	RPL17
1.03808890824408e-40	0.344865389928962	0.994	0.994	3.49773676743761e-36	c5	RPL3
1.98643211578927e-40	0.637302387923544	0.814	0.71	6.69308437094035e-36	c5	EIF4A2
6.6441410774358e-40	0.261868391122777	0.995	0.997	2.23867689463122e-35	c5	RPS4X
1.23225116536842e-39	0.601003026482445	0.899	0.835	4.15194707659237e-35	c5	MT-ND1
2.567177201872e-39	0.273099327429114	0.999	0.997	8.64984686398752e-35	c5	RPS13
2.98345993814295e-39	0.728995431751085	0.64	0.427	1.00524699155789e-34	c5	LTB
4.14553144917969e-39	0.195718195515997	1	0.999	1.39679536648661e-34	c5	RPS15A
7.99730952504948e-39	0.498152320492545	0.972	0.908	2.69461347137017e-34	c5	MT-ND3
1.15767621923661e-37	0.853751707797515	0.714	0.61	3.90067425309582e-33	c5	NR3C1
1.21605714305957e-37	0.434268673250378	0.991	0.973	4.09738293782492e-33	c5	MT-ND4L
1.46891573381476e-37	2.02464143592866	0.352	0.198	4.94936467351546e-33	c5	FKBP4
2.32207303658229e-37	1.5313162629421	0.325	0.162	7.82399288946037e-33	c5	PRMT9
8.7607563315205e-37	2.19072000514904	0.186	0.066	2.95184923834252e-32	c5	THBS1
9.61332935125702e-37	1.89154583783494	0.191	0.069	3.23911519161254e-32	c5	DHRS3
2.41798548123517e-36	2.10647294476166	0.139	0.04	8.14716028047379e-32	c5	ZBTB10
2.92115819530464e-36	1.57838118528148	0.266	0.118	9.84255042325944e-32	c5	BCL2A1
6.78997784931946e-36	0.273021236907097	0.994	0.996	2.2878151365497e-31	c5	RPL8
9.44791944251341e-36	1.38195991044044	0.485	0.324	3.18338197696047e-31	c5	NFKBIA
1.52923233770569e-35	1.44924706788683	0.327	0.17	5.15259543866555e-31	c5	MGAT4A
1.59443432377617e-35	0.870837896506201	0.826	0.81	5.37228701053141e-31	c5	PTGES3
2.3357451358373e-35	0.347770867369619	0.974	0.969	7.8700596606902e-31	c5	RPL27
5.88886649746605e-35	1.99236847328908	0.184	0.067	1.98419467765621e-30	c5	CHMP1B
6.85246642751268e-35	0.960635904560388	0.611	0.479	2.30887003808612e-30	c5	G3BP2
1.18972340641878e-34	2.38412278362139	0.096	0.021	4.00865404558742e-30	c5	HIST2H2BE
2.4781856166408e-34	0.209278867267155	0.999	0.998	8.3499986167095e-30	c5	FAU
4.31372163380452e-34	1.38629549737409	0.321	0.169	1.45346536729409e-29	c5	AC241585.2
4.33282809544007e-33	0.891664693307702	0.577	0.434	1.45990309847758e-28	c5	RAB8B
4.5456469724197e-33	1.08902590493978	0.526	0.375	1.53161029088709e-28	c5	CD55
6.48731055610652e-33	1.86953290330635	0.218	0.093	2.18583441877453e-28	c5	OSBPL3
3.72891948893017e-32	0.894815086581615	0.577	0.437	1.25642213260013e-27	c5	RORA
1.43464272707046e-31	0.833346063409113	0.6	0.453	4.83388520459122e-27	c5	BTG3
1.48293955609037e-31	1.21862371899321	0.708	0.661	4.99661654029089e-27	c5	HSP90AA1
2.03634983601571e-31	0.245549563463572	1	0.997	6.86127713747133e-27	c5	TPT1
2.4599672087536e-31	0.490258445684403	0.658	0.458	8.28861351317438e-27	c5	SNHG15
3.43318781832117e-31	0.816473707193325	0.58	0.427	1.15677830350513e-26	c5	BHLHE40
4.12081223832523e-31	0.282104315800273	0.999	0.998	1.3884664755813e-26	c5	RPS8
8.44903386824633e-31	0.235333158584205	0.996	0.995	2.84681747156692e-26	c5	RPS9
2.6962256575846e-30	0.834746402894524	0.584	0.418	9.08466273066556e-26	c5	ZNF331
2.12287404131923e-29	2.67127523709238	0.064	0.012	7.15281179482102e-25	c5	HIST1H2BG
3.23706375742017e-29	0.215853470617588	1	0.997	1.09069626242515e-24	c5	RPL14
5.09777221440129e-29	1.45775448804974	0.33	0.19	1.71764336992037e-24	c5	LYAR
5.43223483055769e-29	1.09798239457248	0.511	0.357	1.83033720380811e-24	c5	HIST1H1E
2.68531210601353e-28	2.44015616752621	0.119	0.037	9.04789061000199e-24	c5	HIST1H2BF
3.34433957567223e-28	1.18673661992202	0.421	0.282	1.126841776627e-23	c5	DYNLT3
4.02838190357979e-28	1.63625296643862	0.153	0.056	1.35732299859217e-23	c5	HIST1H3H
1.60373750701829e-27	0.412676635818833	0.824	0.738	5.40363315614742e-23	c5	HIST1H4C
2.43554799069266e-27	0.858080300152619	0.583	0.464	8.20633539983985e-23	c5	MECP2
2.91707885250378e-27	0.677780271398676	0.703	0.601	9.82880548562623e-23	c5	RHOH
2.9330926799543e-27	1.17069007722756	0.389	0.25	9.88276247583801e-23	c5	BCAS2
3.83599108525866e-27	2.7977412575946	0.066	0.013	1.29249883626705e-22	c5	HIST3H2BB
6.26532087259722e-27	0.983261068399959	0.462	0.318	2.11103721481291e-22	c5	HIST1H1D
8.31243290803044e-27	1.34668649615639	0.293	0.164	2.80079114403178e-22	c5	RELB
3.74387906643317e-26	1.17833927024343	0.349	0.212	1.26146261264399e-21	c5	SGTB
3.7980221672384e-26	0.335706722704618	0.955	0.93	1.27970558902931e-21	c5	ZFAS1
4.4355372235051e-26	0.393756155517733	0.909	0.884	1.49450991208781e-21	c5	RPL27A
4.43801927555015e-26	1.05767622805801	0.386	0.242	1.49534621470387e-21	c5	DDIT3
6.62840583514899e-26	0.865650178094945	0.501	0.365	2.2333750620951e-21	c5	CD28
1.52689222565428e-25	2.86115866321643	0.038	0.004	5.14471066511953e-21	c5	CCDC65
2.38202599752419e-25	0.383034361295126	0.953	0.941	8.02599839605801e-21	c5	PPDPF
2.50133141126682e-25	1.41790790501575	0.153	0.059	8.42798605712244e-21	c5	FOS
3.70100553386501e-25	0.184490853487545	1	0.999	1.24701680458048e-20	c5	RPS19
5.99544046946457e-25	1.55162364029868	0.279	0.157	2.02010371178139e-20	c5	SAMD3
1.05006204971587e-24	0.87543362371177	0.487	0.36	3.53807907031266e-20	c5	PHF1
1.16780943406594e-24	1.32092059042445	0.287	0.159	3.93481710714176e-20	c5	KLF2
1.5835269708025e-24	2.2613715360999	0.083	0.022	5.33553577542194e-20	c5	CTH
1.82199936294297e-24	0.980068870381999	0.487	0.371	6.13904465350006e-20	c5	RFTN1
1.89420615438505e-24	1.19266559277906	0.32	0.191	6.38233821658497e-20	c5	SENP7
3.12955940631736e-24	0.825773584192774	0.595	0.492	1.05447374636457e-19	c5	GABARAPL1
3.87835650775499e-24	2.46511173067804	0.071	0.017	1.30677344172297e-19	c5	ZNF596
7.27217751832319e-24	1.41583746972119	0.214	0.104	2.45028749302381e-19	c5	HIST1H2AM
9.05406812419512e-24	1.07499496975772	0.361	0.228	3.0506777137663e-19	c5	RALGAPA1
1.16747465723185e-23	0.89547242395657	0.714	0.641	3.93368911007698e-19	c5	DUSP2
1.62972731518649e-23	0.173818161365593	0.999	0.999	5.49120321578936e-19	c5	RPL10
1.64501836715444e-23	1.58057484083882	0.17	0.073	5.54272488629016e-19	c5	RP1-151F17.1
1.7352484678393e-23	1.07147085706917	0.395	0.263	5.84674618753773e-19	c5	CDKN1A
2.28282128405324e-23	0.928595240549955	0.437	0.303	7.69173803448898e-19	c5	DNAJB9
3.43934996759711e-23	1.17626340426677	0.326	0.198	1.15885457808217e-18	c5	TIPARP
3.76538349749227e-23	2.24620936675035	0.106	0.035	1.26870831564505e-18	c5	HIST1H2AE
7.96594036235973e-23	0.553898616191454	0.712	0.64	2.68404394569349e-18	c5	RBM39
8.97728134630259e-23	0.904572751295589	0.493	0.374	3.02480517682319e-18	c5	RANBP2
1.40454009223891e-22	0.859382560423326	0.443	0.311	4.73245738678978e-18	c5	VAMP2
1.70387216459559e-22	2.06174083447594	0.106	0.035	5.74102687138838e-18	c5	FXYD2
3.17604470396368e-22	1.03361687727197	0.428	0.312	1.07013650255352e-17	c5	AZIN1
3.892387879577e-22	0.977004109163142	0.38	0.252	1.31150117214467e-17	c5	FOXP1
7.73161656923667e-22	0.807333947483904	0.498	0.384	2.6050908868386e-17	c5	PPP3CC
1.06656626143994e-21	0.243546790417621	0.987	0.984	3.59368836129574e-17	c5	RPL37A
1.58310571168665e-21	2.44018021446508	0.051	0.01	5.334116384957e-17	c5	C17orf107
2.71789017193932e-21	1.12631355551231	0.354	0.234	9.15765914533236e-17	c5	CHORDC1
3.37059560187745e-21	2.39232772337693	0.061	0.014	1.13568848209659e-16	c5	HIST1H2BM
9.0322325378283e-21	0.855327895477695	0.418	0.291	3.04332043129587e-16	c5	VPS37B
1.16735752134649e-20	0.888784773231762	0.438	0.318	3.93329443242487e-16	c5	H2AFJ
2.37839587199547e-20	0.497717056029927	0.735	0.678	8.01376705110153e-16	c5	PPP1R2
2.8861979396204e-20	1.08552893161678	0.332	0.217	9.72475533775697e-16	c5	FLT3LG
3.0290159206658e-20	0.493614687954641	0.709	0.65	1.02059662430914e-15	c5	UBE2B
3.69323729408992e-20	0.95583563759923	0.403	0.288	1.24439937387066e-15	c5	NFE2L2
1.34782993020585e-19	1.37234658488853	0.243	0.138	4.5413781668356e-15	c5	NABP1
3.94591977767782e-19	0.23672663096001	0.982	0.979	1.32953820989076e-14	c5	PFDN5
7.66577175174338e-19	1.23940477676462	0.251	0.148	2.58290513403241e-14	c5	BROX
1.09441262343652e-18	0.832770821791468	0.45	0.324	3.68751389340701e-14	c5	PMAIP1
1.90281346396073e-18	0.496066477436575	0.821	0.769	6.41133968546927e-14	c5	HNRNPC
2.39959729879575e-18	1.12490717665362	0.359	0.249	8.08520313856238e-14	c5	HIST3H2A
3.268854362128e-18	0.643201570654267	0.599	0.525	1.10140778877541e-13	c5	ELOVL5
3.86185658010553e-18	0.226710215637775	0.991	0.987	1.30121395610076e-13	c5	RPL22
3.96975430358026e-18	1.5508727993785	0.15	0.069	1.33756901504833e-13	c5	KLF3
5.07990941365925e-18	0.133039295697164	1	0.999	1.71162467783835e-13	c5	RPL28
5.29711916116812e-18	2.67011825507082	0.054	0.013	1.78481133016399e-13	c5	FEZ1
6.34136249520691e-18	0.718986515030194	0.502	0.407	2.13665867913502e-13	c5	CYTH1
6.6935841551886e-18	0.952887299495119	0.409	0.302	2.25533624524925e-13	c5	PDE4B
7.19002071282606e-18	1.26691400542614	0.219	0.121	2.42260557897961e-13	c5	ELL2
8.06383282928022e-18	0.994204235121266	0.389	0.282	2.71702783349768e-13	c5	HERPUD2
8.10299624538989e-18	0.4170326737741	0.878	0.868	2.73022355492167e-13	c5	CNBP
1.15664794293863e-17	1.02471658234958	0.349	0.24	3.89720957893742e-13	c5	SAR1A
1.55126971955718e-17	1.20861137159403	0.152	0.07	5.22684819307597e-13	c5	ATF3
1.70003087025564e-17	0.451095822394695	0.691	0.593	5.72808401423935e-13	c5	CREM
1.95450918345016e-17	1.69192852393843	0.118	0.048	6.58552324271696e-13	c5	CD83
3.5020340091679e-17	2.17237921953536	0.06	0.016	1.17997533904903e-12	c5	S1PR5
5.34730300103905e-17	0.723111958650747	0.551	0.479	1.8017202731701e-12	c5	RPS20
1.32836305482297e-16	0.315398327087359	0.865	0.867	4.47578647692051e-12	c5	TOMM7
1.60865583692961e-16	1.8101560892633	0.111	0.045	5.42020497695063e-12	c5	AREG
1.61413476640094e-16	0.990257408852262	0.286	0.182	5.43866568191132e-12	c5	RP11-796E2.4
2.47697144308405e-16	0.44977596232832	0.714	0.644	8.34590758032739e-12	c5	FNBP1
2.49883734259311e-16	0.647917384893915	0.583	0.513	8.41958254213324e-12	c5	YPEL5
2.79424646178576e-16	0.878704963315288	0.387	0.285	9.41493402834094e-12	c5	ATF7IP
2.80998638534938e-16	1.91917006898489	0.1	0.039	9.46796812679621e-12	c5	PIK3C2B
3.83977960937795e-16	0.223981732782176	0.989	0.989	1.29377534158381e-11	c5	RPL5
3.92259984359638e-16	0.993389445880975	0.308	0.208	1.32168079130137e-11	c5	GABPB1
5.99283716594219e-16	1.2725651773446	0.181	0.097	2.01922655469256e-11	c5	CDC14A
1.2515598198185e-15	0.618194621057566	0.552	0.474	4.21700565689645e-11	c5	FGFR1OP2
1.25842121608849e-15	1.31863144478769	0.189	0.104	4.24012444548854e-11	c5	SC5D
1.27442927104016e-15	0.662154899946624	0.6	0.552	4.29406198584272e-11	c5	GPBP1
2.60073790713377e-15	1.32727391500702	0.164	0.084	8.76292630429654e-11	c5	RAB30
3.18071013207673e-15	1.97567834470141	0.073	0.025	1.07170847190193e-10	c5	ADAM19
5.0630064331084e-15	1.3187124649624	0.241	0.152	1.70592938757154e-10	c5	BORCS5
6.05765557622237e-15	0.709342309973709	0.421	0.318	2.04106646985236e-10	c5	RABGGTB
6.27865521979905e-15	0.201613622517284	0.983	0.985	2.11553008975909e-10	c5	RPS5
8.38365073334013e-15	0.788356610356109	0.665	0.642	2.82478727809162e-10	c5	CLDND1
9.63524558459929e-15	0.462626852691038	0.656	0.601	3.24649964727489e-10	c5	HNRNPA0
1.1013319645938e-14	1.25553131758734	0.217	0.129	3.71082792150234e-10	c5	MPZL3
1.24197482355128e-14	0.135208197412194	0.996	0.998	4.18470997047368e-10	c5	RPL18A
1.54983099073424e-14	0.87240172644902	0.36	0.264	5.22200054017996e-10	c5	PARP8
1.71249022195203e-14	0.858757796886597	0.365	0.27	5.77006455384516e-10	c5	USP36
2.28976593132034e-14	1.04756729382723	0.234	0.144	7.71513732899076e-10	c5	VCPKMT
2.6014933543618e-14	0.725450385978386	0.436	0.353	8.76547170818664e-10	c5	HBP1
2.89161529977835e-14	0.666030872038785	0.5	0.418	9.74300859107318e-10	c5	TRA2B
2.92531612399872e-14	0.158162689309512	0.995	0.995	9.8565601482013e-10	c5	NACA
3.39187821011136e-14	0.548996845601771	0.914	0.942	1.14285944411492e-09	c5	H3F3B
3.4927132900098e-14	0.475505917352394	0.749	0.724	1.1768348159359e-09	c5	STK4
3.56986465518043e-14	0.611535078676488	0.482	0.389	1.20283019691649e-09	c5	DDX21
4.78594635827547e-14	0.887305433071324	0.325	0.233	1.61257676595734e-09	c5	SRP54
4.83873593546449e-14	0.864098080602475	0.371	0.28	1.6303636860954e-09	c5	ARID5A
6.69004672786243e-14	0.720545170248998	0.411	0.307	2.25414434448597e-09	c5	PASK
6.98758933660528e-14	1.41841901798191	0.144	0.073	2.35439835107578e-09	c5	USP53
7.1672173779327e-14	2.9038714479603	0.028	0.005	2.41492222332064e-09	c5	SUSD4
8.51001661883336e-14	1.68718775440794	0.127	0.061	2.86736499954971e-09	c5	HIST1H2BJ
1.0354801158255e-13	0.175732107163343	1	0.999	3.48894670226243e-09	c5	RPL41
1.85499933976464e-13	0.523535947317038	0.651	0.601	6.25023477540299e-09	c5	CD96
2.08860927450211e-13	1.40251415217008	0.123	0.059	7.03736008950742e-09	c5	RP11-707G18.1
2.77035920763431e-13	1.75312227587396	0.058	0.019	9.33444831420306e-09	c5	SNN
3.09494652945904e-13	0.477774666833973	0.562	0.468	1.04281128363593e-08	c5	HSPA5
3.45770695868304e-13	1.03255209253909	0.229	0.142	1.16503978265866e-08	c5	LINC00861
3.78071710572425e-13	0.816742780608756	0.366	0.279	1.27387482160273e-08	c5	SBDS
3.83106023990878e-13	0.850320186406652	0.293	0.201	1.29083743723486e-08	c5	CTA-29F11.1
4.67302086990096e-13	1.02849724182695	0.28	0.195	1.57452765190443e-08	c5	CMTM7
4.79284208202471e-13	0.70309414569875	0.46	0.386	1.61490021111741e-08	c5	ENSA
5.0915609078398e-13	0.579457339381031	0.582	0.532	1.71555053228754e-08	c5	NDFIP1
5.16970397921019e-13	2.88113137288352	0.024	0.004	1.74188005875508e-08	c5	COL1A1
6.48250449806391e-13	1.18931150259794	0.192	0.114	2.18421506557765e-08	c5	ITPKB
7.25842843325365e-13	0.443001838221617	0.667	0.647	2.44565487630048e-08	c5	CDC42
7.31140394491961e-13	0.28288851412063	0.912	0.91	2.46350444520121e-08	c5	EEF1G
8.23321108814184e-13	0.225430300881975	0.95	0.948	2.77409814403851e-08	c5	RPL4
8.86886824068017e-13	2.02126326741731	0.056	0.018	2.98827646501478e-08	c5	RP11-533E19.7
1.09165215705086e-12	2.04608106828137	0.057	0.019	3.67821277796715e-08	c5	HIST1H4B
1.2181970706689e-12	1.60918064031128	0.086	0.036	4.1045932099118e-08	c5	SCML1
1.58681858657663e-12	1.59509599364204	0.124	0.062	5.3466265456113e-08	c5	HIST1H2BC
1.79652886521484e-12	1.09753558266473	0.307	0.219	6.05322435845488e-08	c5	RP11-291B21.2
5.34937205146719e-12	0.74418699919585	0.264	0.173	1.80241741902136e-07	c5	GZMK
5.88399800803961e-12	0.36676737883382	0.773	0.741	1.98255428882886e-07	c5	KMT2E
5.93205806228509e-12	1.91771008814108	0.068	0.026	1.99874764350634e-07	c5	HIST2H4B
9.37594687010691e-12	0.868546735907226	0.287	0.204	3.15913153841382e-07	c5	PELI1
9.80241653958118e-12	0.538438803317014	0.541	0.472	3.30282622884648e-07	c5	RBM3
1.00468377440609e-11	1.93072813323742	0.062	0.023	3.38518150948388e-07	c5	RP11-758H9.2
1.01398025437966e-11	0.266201804951101	0.956	0.938	3.41650506910683e-07	c5	RPL36A
1.17688062000581e-11	0.504591128646807	0.663	0.629	3.96538156104758e-07	c5	EML4
1.66736235939181e-11	0.909555032699339	0.288	0.209	5.61801073373478e-07	c5	CCDC59
1.67929849685328e-11	1.60103651624599	0.099	0.046	5.65822835529745e-07	c5	CYP4V2
1.85152145985832e-11	2.80280862771356	0.026	0.005	6.23851640684662e-07	c5	TLR3
2.515195468025e-11	1.38225359003135	0.131	0.07	8.47469960996344e-07	c5	HIST2H2AC
3.10513518460863e-11	0.841914188177645	0.358	0.283	1.04624424910203e-06	c5	OXNAD1
3.26314290865061e-11	1.06048392116661	0.203	0.129	1.09948337164074e-06	c5	AC245100.1
3.90571204753208e-11	1.10364996501039	0.221	0.148	1.31599061729546e-06	c5	SP140L
4.26825292665872e-11	0.692603303470146	0.474	0.428	1.43814514110839e-06	c5	EIF1B
4.27840300482861e-11	1.82276513425351	0.057	0.02	1.44156510844695e-06	c5	CHRNE
5.2601529023798e-11	1.20292977519395	0.118	0.06	1.77235591892785e-06	c5	CD40LG
7.18722594250794e-11	1.33133746791337	0.136	0.075	2.42166390906862e-06	c5	SLFN11
7.18820424739832e-11	0.616941899932073	0.477	0.414	2.42199353911839e-06	c5	BAZ1A
7.32740449215033e-11	1.51351439889883	0.084	0.037	2.46889566958513e-06	c5	ASH1L-AS1
7.88732678659448e-11	1.65014079470687	0.095	0.045	2.65755588747515e-06	c5	MAP3K13
8.95092124729313e-11	0.656375785175498	0.498	0.445	3.01592340506295e-06	c5	CGGBP1
9.95668017631599e-11	1.59953148503858	0.078	0.033	3.35480381860791e-06	c5	TRAV2
1.08275634888695e-10	1.5652199570715	0.109	0.056	3.64823924193969e-06	c5	PHLDB3
1.44415411913918e-10	0.700848187932199	0.564	0.526	4.86593288902757e-06	c5	GNG2
1.52577971622063e-10	0.977232306870992	0.268	0.195	5.1409621758338e-06	c5	SVIP
2.00298166873105e-10	1.95823015585141	0.06	0.023	6.74884643462241e-06	c5	HIST2H2AB
2.52070796340586e-10	0.581538565946221	0.509	0.458	8.49327341189969e-06	c5	CCNL1
2.54499924824473e-10	0.351875695569613	0.752	0.713	8.57512046703579e-06	c5	WIPF1
2.59216631487438e-10	1.20661096760444	0.15	0.087	8.73404518133774e-06	c5	RP11-352M15.2
2.74607853903745e-10	0.23918694919324	0.891	0.885	9.25263702943277e-06	c5	RPS4Y1
3.46970910245631e-10	1.07624479496317	0.318	0.256	1.16908378498163e-05	c5	NUDC
3.62874588301101e-10	0.486214962843961	0.464	0.388	1.22266963782173e-05	c5	DDX3Y
4.69081075948595e-10	1.51110923852115	0.135	0.076	1.58052177730119e-05	c5	MYC
5.52214970593415e-10	0.639278185087669	0.431	0.372	1.86063312191745e-05	c5	SARS
6.06799814526836e-10	1.11769677097597	0.178	0.112	2.04455129506672e-05	c5	RARA
6.38241683092082e-10	1.17775034889431	0.119	0.064	2.15049152701046e-05	c5	BACH2
6.61067338054946e-10	1.3254174196015	0.12	0.065	2.22740028884233e-05	c5	SLC12A7
7.49287044077968e-10	0.73808562341767	0.259	0.183	2.5246477663163e-05	c5	RHOB
7.62170675226975e-10	0.291273434142333	0.71	0.68	2.56805787310977e-05	c5	ATP6V0C
8.08894883434448e-10	0.110886307693455	0.999	0.998	2.72549042024403e-05	c5	RPL7A
8.12880919146622e-10	2.16759363927343	0.026	0.006	2.73892096897263e-05	c5	RP4-539M6.22
9.78959886381461e-10	0.224050287932374	0.906	0.896	3.29850744117369e-05	c5	PNRC1
1.00732725263214e-09	0.62347187934856	0.202	0.131	3.39408844501875e-05	c5	RBKS
1.16640439793593e-09	0.130556566081492	0.999	0.997	3.93008297840534e-05	c5	RPL18
1.26595092341438e-09	0.269680192473224	0.81	0.796	4.26549504135241e-05	c5	CD37
1.38222611804126e-09	0.822703957041749	0.106	0.053	4.65727268212824e-05	c5	TRBV7-9
1.42770164810255e-09	0.433975378902335	0.627	0.618	4.81049793311673e-05	c5	ATP6V1G1
1.53380149706098e-09	0.187045667944577	0.943	0.941	5.16799076419727e-05	c5	RPL31
1.73762035800382e-09	1.96311779853663	0.04	0.013	5.85473803425807e-05	c5	HIST1H4I
1.78869738230602e-09	0.388790251939956	0.793	0.838	6.02683695994191e-05	c5	TSC22D3
1.83976996808243e-09	1.11977630025615	0.167	0.105	6.19892093045694e-05	c5	ILF3-AS1
1.91580008840632e-09	1.89028907397109	0.077	0.035	6.45509681787627e-05	c5	HIST1H2BH
2.05808364135948e-09	0.867682541308797	0.31	0.231	6.93450702119663e-05	c5	SESN3
2.22745465561546e-09	1.06645140647567	0.164	0.102	7.50518571663072e-05	c5	SYNJ2
2.5749132451363e-09	2.19504365637451	0.036	0.011	8.67591268816225e-05	c5	HIST1H2BD
2.80746298536676e-09	1.09657485242041	0.157	0.097	9.45946578289475e-05	c5	PPTC7
2.99098457211633e-09	1.37406966655803	0.096	0.049	0.000100778234172888	c5	GPR18
3.25598292834811e-09	0.659602544840332	0.339	0.268	0.000109707088787761	c5	RAB9A
3.43002779914881e-09	2.36386304785828	0.032	0.009	0.00011557135666452	c5	RRAGD
3.44398261293296e-09	0.790623051180918	0.252	0.184	0.000116041550160163	c5	NECAP1
3.7371457947128e-09	2.72598406197637	0.017	0.003	0.000125919390407053	c5	ZNF252P-AS1
4.71747077961009e-09	0.337523530674324	0.625	0.576	0.000158950460448182	c5	SRSF10
5.81091842118664e-09	0.164991583307173	0.976	0.984	0.000195793085283463	c5	UBA52
6.3581510297304e-09	0.507540923247433	0.555	0.513	0.000214231540795736	c5	EVI2B
6.52884513573077e-09	1.08177871190626	0.186	0.122	0.000219982908003313	c5	TRAV8-2
9.19499887614932e-09	0.729122910253306	0.273	0.199	0.000309816292132975	c5	FAM65B
9.57926235815924e-09	1.21281572880673	0.12	0.068	0.000322763665895817	c5	ETV3
9.75105788519839e-09	1.50764467005218	0.047	0.018	0.000328552144383875	c5	SDR42E2
1.18805005371484e-08	0.722764820418081	0.405	0.35	0.000400301585098679	c5	GLUD1
1.47207958076348e-08	0.609077731465006	0.429	0.381	0.000496002493942447	c5	CCSER2
1.52595028392286e-08	0.139233375184173	0.985	0.986	0.000514153688664969	c5	EEF1D
1.60094340732192e-08	1.40640334001936	0.083	0.041	0.000539421871663049	c5	LINC00936
1.84734626700437e-08	0.661607162741143	0.405	0.356	0.000622444851204454	c5	SF3A1
1.89972747941807e-08	0.595481991719544	0.414	0.364	0.000640094176915123	c5	SP140
2.42217311530945e-08	0.907335563098969	0.238	0.175	0.000816127009472367	c5	CEBPG
2.58235584135954e-08	0.994143998612888	0.219	0.158	0.000870098977187684	c5	TMEM57
2.64937511207778e-08	0.944841625177239	0.438	0.395	0.000892680450263487	c5	HNRNPLL
2.70898916517001e-08	0.663829735854971	0.322	0.248	0.000912766809312385	c5	GPR183
2.84708846388455e-08	1.85162750305429	0.041	0.015	0.000959297987021262	c5	MIR222HG
3.32709590661935e-08	1.25332970347394	0.055	0.023	0.00112103169477632	c5	PLAUR
3.91915680989318e-08	0.496419561346105	0.494	0.454	0.00132052069552541	c5	STRAP
3.95479824659354e-08	2.53220993005064	0.021	0.005	0.00133252972120723	c5	PTK2
4.20265975591353e-08	0.862211659681675	0.322	0.261	0.0014160441781575	c5	TRAT1
4.39576479483756e-08	0.71017406776322	0.342	0.286	0.00148110898997257	c5	ARHGAP15
4.52774431578904e-08	0.651863357546404	0.326	0.27	0.00152557816976196	c5	GADD45B
4.94122869621039e-08	0.601847319025503	0.364	0.307	0.00166489759690113	c5	USP47
5.31471166347394e-08	1.02938446754599	0.208	0.148	0.00179073894789091	c5	IFNGR1
5.53854361425204e-08	0.164147476147622	0.989	0.972	0.00186615688538608	c5	SARAF
6.31006243689343e-08	1.03962818820063	0.161	0.106	0.00212611243748687	c5	DCTN4
6.60143600458839e-08	0.646161204947047	0.341	0.279	0.00222428784738601	c5	TTC39C
7.19640505163362e-08	1.48820192261562	0.057	0.025	0.00242475671809743	c5	STARD10
7.62704043047119e-08	0.852641177691089	0.218	0.156	0.00256985500264296	c5	NSMCE3
8.33972640452652e-08	0.808256591852616	0.273	0.211	0.00280998741474116	c5	GNA13
9.36719694836128e-08	1.25947339978856	0.105	0.059	0.00315618333978085	c5	CTA-292E10.6
1.08822380997868e-07	0.42061993715753	0.528	0.478	0.00366666130534215	c5	MTFP1
1.10110072387587e-07	2.77255549980783	0.011	0.001	0.00371004877902736	c5	AC002306.1
1.11818769839099e-07	2.80081898528733	0.021	0.005	0.00376762163095859	c5	GATA3-AS1
1.20430711268867e-07	0.726380802841089	0.313	0.26	0.00405779238549319	c5	JOSD1
1.2249464000764e-07	0.609398880963161	0.363	0.302	0.00412733440041741	c5	LINC-PINT
1.25228296660601e-07	0.215135279035558	0.783	0.749	0.00421944222768228	c5	TAF1D
1.43454507022094e-07	6.57489932309109	0.004	0	0.00483355615960242	c5	GCOM1
1.49221612786999e-07	1.36870608617824	0.075	0.038	0.00502787302124515	c5	TRAV13-1
1.65974432921884e-07	1.32734636458259	0.079	0.041	0.00559234254286996	c5	SESN1
1.73574297770385e-07	0.191766433798947	0.847	0.844	0.00584841238907535	c5	CD44
1.78251397240016e-07	0.504731701693659	0.352	0.285	0.00600600257860511	c5	PER1
1.80106918793699e-07	2.43203067455632	0.021	0.005	0.00606852252183489	c5	WNT7A
2.32671389097671e-07	0.704212359905162	0.44	0.392	0.00783962978425694	c5	ZC3HAV1
2.4390535897221e-07	1.2693821808467	0.054	0.023	0.00821814716520963	c5	RP11-864I4.1
2.44229992377012e-07	1.77301247697496	0.039	0.015	0.00822908536315104	c5	EPAS1
2.50025220305306e-07	1.21260072763742	0.085	0.046	0.00842434977296698	c5	BCL6
2.60134721568378e-07	1.90824338028241	0.036	0.013	0.00876497930852494	c5	PLCG2
2.69777803631647e-07	1.4361219796332	0.096	0.055	0.00908989331556473	c5	PLEK
2.99285233316166e-07	0.218047819646956	0.588	0.53	0.0100841166513549	c5	CYCS
3.10092758068037e-07	0.685581167670946	0.361	0.314	0.0104482653903444	c5	ZNF267
3.72038928784345e-07	1.78523695620312	0.036	0.013	0.0125354796664597	c5	SVIL
4.14527558610525e-07	0.734149604684326	0.238	0.179	0.013967091559823	c5	SATB1
4.22138042953062e-07	0.189560577435036	0.816	0.794	0.0142235192192605	c5	HNRNPDL
4.27013036337018e-07	1.40260754419178	0.058	0.027	0.0143877772463395	c5	RP11-596C23.2
5.29279552908684e-07	0.861552012541591	0.186	0.13	0.0178335452557052	c5	KLRG1
6.16283232281916e-07	1.22393101261584	0.105	0.062	0.0207650472285069	c5	KLHL6
6.3480454307155e-07	0.907719212203377	0.074	0.038	0.0213891042742528	c5	TRAV3
9.13862731513547e-07	1.53156670398516	0.064	0.032	0.0307916908756174	c5	LYPD3
1.09787621046596e-06	0.694651731218061	0.343	0.296	0.0369918410354399	c5	DHX36
1.25803357730672e-06	1.83324387202059	0.032	0.011	0.0423881833537727	c5	MYOM2
1.27483556414053e-06	1.1213241619391	0.089	0.05	0.0429543094981511	c5	ITGA5
1.34882724355623e-06	0.610826010923417	0.229	0.169	0.0454473851443837	c5	TCF7
1.4301787142984e-06	1.16590787470448	0.102	0.061	0.0481884415995703	c5	CXCL16
