p_val	avg_log2FC	pct.1	pct.2	p_val_adj	cluster	gene
3.22218090846956e-175	0.713461685189741	1	0.999	1.08568163529973e-170	c8	EEF1A1
6.12236433647139e-159	0.71021178379919	1	0.998	2.06286943953067e-154	c8	RPS12
2.41622804599166e-152	0.631456225998041	1	0.997	8.14123877816432e-148	c8	RPS13
7.92187098332232e-150	0.556455733299436	1	0.998	2.66919520912062e-145	c8	RPL10
7.66814642537333e-147	0.680705302770103	1	0.997	2.58370525656529e-142	c8	TPT1
1.76685616490251e-144	0.56608416184817	1	0.998	5.9532451620225e-140	c8	RPL32
1.87956081508844e-138	0.547687004154403	1	0.997	6.33299221035899e-134	c8	RPL34
3.34054710666068e-135	0.507277279036891	1	0.999	1.12556394211825e-130	c8	RPL39
2.41946405825165e-134	0.586855905593188	1	0.998	8.15214219787312e-130	c8	RPL13
3.79623590825395e-129	0.529706621369921	1	0.997	1.27910372692709e-124	c8	RPS27A
9.20240181037352e-129	0.937664207164131	0.985	0.928	3.10065726598725e-124	c8	EEF1B2
3.13802299879602e-127	0.658660871072477	1	0.998	1.05732546921433e-122	c8	RPS8
3.53761529825701e-126	0.545305211722633	1	0.997	1.19196409859472e-121	c8	RPS25
5.40463680587079e-126	0.506502774221183	1	0.998	1.8210383253701e-121	c8	RPS28
2.85428316115076e-125	0.531536728989407	1	0.998	9.61722168318136e-121	c8	RPL30
5.8610016231115e-124	0.645168965951979	0.998	0.991	1.97480588689119e-119	c8	RPL9
3.29719423019718e-121	0.641815851579593	1	0.993	1.11095662392264e-116	c8	RPS3A
3.58846680750894e-121	0.563742186128719	1	0.995	1.20909800612206e-116	c8	RPL8
5.48047172107981e-121	0.586621853525151	1	0.998	1.84659014170063e-116	c8	RPS18
1.49516310263695e-117	0.494739175896813	1	0.997	5.03780255802495e-113	c8	RPL36
1.90990397897418e-115	1.19840165405335	0.956	0.504	6.4352304667556e-111	c8	IL7R
1.33374144108985e-114	0.675667551832075	1	0.993	4.49390841160814e-110	c8	RPL3
1.29998782234275e-113	0.51742702535562	0.998	0.998	4.38017896860167e-109	c8	RPS23
3.38267016084391e-112	0.52236699129578	1	0.998	1.13975688399475e-107	c8	RPS3
1.89314524806648e-111	0.477470986277416	1	0.997	6.37876359883521e-107	c8	RPL11
9.99738669527635e-111	0.476060955630339	1	0.997	3.36851947310641e-106	c8	RPL35A
7.89356488332709e-110	0.452844825796723	1	0.998	2.65965775178823e-105	c8	RPL19
2.10525112334682e-109	0.494062109828543	1	0.997	7.09343313500478e-105	c8	RPS4X
2.45416117982401e-103	0.574160192558342	1	0.996	8.269050679299e-99	c8	RPS6
4.22846548840176e-103	0.452263969754036	1	0.997	1.42473916166209e-98	c8	RPS21
5.47572600669412e-103	0.514709843805836	1	0.997	1.84499112069552e-98	c8	RPS14
3.99279301364573e-97	1.53253912204294	0.995	0.974	1.34533167801779e-92	c8	FTH1
1.39256411992811e-94	0.608128075020027	0.997	0.984	4.69210554568576e-90	c8	RPS5
5.37816553789451e-93	0.337274284444589	1	0.999	1.81211909633818e-88	c8	AC090498.1
3.14655392458224e-87	0.530186850791444	0.998	0.988	1.06019987934874e-82	c8	RPS10
6.59993268820249e-87	0.841505203578038	1	0.975	2.22378131996295e-82	c8	PABPC1
1.35338265598236e-85	0.427692917557364	1	0.997	4.56008752106695e-81	c8	RPL18
1.51760882268465e-84	0.553919829633356	1	0.988	5.11343116715367e-80	c8	RPL17
4.41929877192249e-82	0.412791076137798	1	0.997	1.48903852821156e-77	c8	RPL29
8.62142288803993e-80	0.860524325268156	0.976	0.879	2.90490222789617e-75	c8	ZFP36L2
9.70925638343291e-80	0.54039230662148	0.997	0.988	3.27143684583388e-75	c8	RPL5
1.64075684735727e-79	1.67641019804865	0.542	0.216	5.52836612148557e-75	c8	SESN3
1.66172071022734e-75	0.523856975238981	1	0.994	5.59900176103999e-71	c8	RPLP0
4.16269205288932e-75	0.548767159005887	0.995	0.963	1.40257746030053e-70	c8	RPL38
7.65009291866307e-74	0.380774593644753	1	0.998	2.57762230801433e-69	c8	RPL37
2.35948364824267e-72	0.38311957524615	1	0.997	7.95004420438885e-68	c8	RPL14
9.52601551310292e-71	1.34571350498483	0.561	0.232	3.2096956669849e-66	c8	GPR183
1.0520206217561e-69	0.669318777777548	0.978	0.905	3.54467828294499e-65	c8	EEF1G
2.9204670921019e-69	0.744685688682949	0.998	0.96	9.84022182012815e-65	c8	BTG1
7.34428108301706e-68	0.323026205267355	1	0.999	2.47458206811177e-63	c8	RPS27
3.60803797291992e-67	0.452141825963832	1	0.991	1.21569231459564e-62	c8	RPL21
1.8453711249316e-63	0.59209147486047	0.993	0.945	6.21779346834453e-59	c8	RPL4
2.33857600458303e-62	0.525339309042629	1	0.997	7.87959798984207e-58	c8	TMSB4X
2.46976782838324e-62	0.541621510904082	0.995	0.962	8.32163572095449e-58	c8	RPL10A
1.41949141803723e-61	0.394803673908242	1	0.993	4.78283438393466e-57	c8	RPLP2
1.64398961005957e-61	0.448632915066391	0.998	0.987	5.53925859213473e-57	c8	RPL22
5.37866962852182e-61	0.853625600685182	0.783	0.423	1.81228894463414e-56	c8	LTB
2.40318766560267e-59	0.373821933435618	1	0.997	8.09730052048165e-55	c8	RPS29
6.48109863722437e-59	1.03520379937142	0.746	0.441	2.18374137482638e-54	c8	XBP1
8.38262597033625e-59	0.33976304853501	1	0.999	2.8244419944451e-54	c8	RPLP1
3.62484244572773e-58	1.54886129977536	0.586	0.291	1.2213544136635e-53	c8	HILPDA
1.46037463930343e-55	0.497696159043788	0.99	0.957	4.92058630966899e-51	c8	EEF2
2.4567198861922e-55	0.36387295117477	1	0.994	8.27767198453599e-51	c8	RPS9
1.71847727701692e-54	2.12039534702762	0.219	0.054	5.79023733718081e-50	c8	CD40LG
3.7678828592809e-50	0.281747590019508	0.998	0.998	1.26955045060611e-45	c8	RPL26
4.93316380268969e-48	0.31210878851768	0.998	0.996	1.66218021167826e-43	c8	RPL24
6.5083200576637e-47	0.270190266557334	1	0.998	2.19291336022921e-42	c8	FAU
1.04765219074027e-46	0.40646809325834	1	0.98	3.52995929148025e-42	c8	RPS2
2.56071260537006e-46	0.508216825553776	0.992	0.928	8.62806505253388e-42	c8	ZFAS1
2.56303660487227e-46	0.606665069751918	0.941	0.831	8.63589553645662e-42	c8	SERP1
3.52087893414726e-46	0.290207449901208	1	0.998	1.18632494807158e-41	c8	RPL7A
1.11820828457667e-44	0.370034140774288	0.998	0.989	3.76769099405265e-40	c8	RPL35
1.12152950627743e-44	1.16929763566705	0.624	0.372	3.77888151845119e-40	c8	CD55
1.37035374697307e-43	0.630902828184962	0.924	0.74	4.61726991505106e-39	c8	TAF1D
7.2055606182975e-43	1.00165998204817	0.754	0.526	2.42784159472916e-38	c8	ANKRD12
1.2500883634896e-42	0.769427494397505	0.907	0.762	4.21204773194185e-38	c8	EZR
9.56762947108363e-42	1.33486093593894	0.366	0.152	3.22371707398692e-37	c8	ICAM2
1.94552779893556e-41	0.645365872552039	0.966	0.835	6.55526136573348e-37	c8	CD44
2.66367505242958e-41	0.587334338645753	0.927	0.817	8.97498672165623e-37	c8	MT-ND2
6.2683174632388e-40	0.208507811920412	1	0.999	2.11204688606368e-35	c8	RPS15A
3.42186991628537e-39	0.77043901894554	0.946	0.825	1.15296484959319e-34	c8	DDIT4
4.85658370352534e-39	1.05595416581951	0.547	0.3	1.63637731306583e-34	c8	PASK
8.38400776796439e-39	0.33693215890586	1	0.993	2.82490757733792e-34	c8	EIF1
5.536618354153e-37	0.559652835214264	0.907	0.738	1.86550818824831e-32	c8	SNHG8
8.16473375744989e-37	0.40504977256744	0.998	0.97	2.75102539223517e-32	c8	RPSA
1.41600127016076e-36	1.0486275020684	0.514	0.279	4.77107467967966e-32	c8	DYNLT3
3.66888368406415e-36	0.377458703106872	0.992	0.968	1.23619366850857e-31	c8	RPL27
5.75139202769001e-36	0.525837374150019	0.976	0.911	1.93787402980987e-31	c8	CCNI
1.34319626783606e-35	0.230638995160877	1	0.998	4.52576550484682e-31	c8	RPS15
2.65717626179105e-35	0.862181769587739	0.676	0.433	8.95308969647876e-31	c8	RORA
2.30446330109136e-34	0.270201440591482	1	0.998	7.76465864669721e-30	c8	RPL18A
3.85150663918919e-34	3.1425954820434	0.08	0.012	1.29772664700841e-29	c8	ADM
3.83862151560341e-33	0.277862471427357	0.998	0.994	1.29338513346741e-28	c8	NACA
6.40040315199306e-33	0.774978505012176	0.676	0.446	2.15655183803254e-28	c8	P4HA1
1.83069031922356e-32	0.315912950128035	0.783	0.543	6.16832796159186e-28	c8	CD69
1.98862838898452e-32	0.992652427677916	0.459	0.241	6.70048449384443e-28	c8	DDIT3
3.32618271080713e-32	0.864326125782195	0.715	0.524	1.12072400257935e-27	c8	NDFIP1
7.83294757422406e-31	0.400252361959477	0.973	0.912	2.63923335565905e-26	c8	MT-CYB
1.87247987735272e-30	0.418447427623298	0.959	0.88	6.30913369875224e-26	c8	RPS4Y1
2.104764332759e-30	0.810995542233009	0.934	0.865	7.09179294279818e-26	c8	VIM
2.05434957358136e-29	0.288357984810915	0.958	0.77	6.92192545322503e-25	c8	SLC2A3
3.0758125283474e-29	1.11699437774848	0.286	0.121	1.03636427330137e-24	c8	BCL2A1
4.77712075678439e-29	0.275168515649705	0.998	0.989	1.60960306779093e-24	c8	GNB2L1
8.03187970570068e-29	0.257986416789425	0.995	0.993	2.70626154803879e-24	c8	RPL23A
9.07368278549145e-29	0.745619444081836	0.683	0.478	3.05728667774349e-24	c8	G3BP2
4.28911456704855e-28	1.50179726898839	0.2	0.072	1.44517426222134e-23	c8	DHRS3
1.04051612251432e-27	0.412128048370853	0.969	0.891	3.50591502319975e-23	c8	PNRC1
5.20067801176007e-27	1.10774318307054	0.353	0.173	1.75231644928244e-22	c8	SATB1
7.64617926439267e-27	0.338235155038636	0.98	0.871	2.57630364134446e-22	c8	LDHA
1.8316592815759e-26	0.296233781906222	0.995	0.99	6.17159278334184e-22	c8	RPS16
2.39813975510639e-26	0.427216110785213	0.947	0.861	8.08029209085548e-22	c8	TOMM7
2.82122051572353e-26	0.863716440448404	0.563	0.364	9.50582040567887e-22	c8	SARS
2.29459166812212e-25	0.395966076529972	0.949	0.881	7.73139716657068e-21	c8	RPL27A
1.49465078502925e-24	0.219677154529315	0.998	0.997	5.03607635507756e-20	c8	RPS7
1.9364741315805e-24	1.04176886037364	0.293	0.136	6.52475593894733e-20	c8	LEF1
4.45855838522654e-24	0.469643632356445	0.803	0.635	1.50226666231823e-19	c8	SELK
5.43324260092162e-24	0.497541881310879	0.863	0.732	1.83067676195453e-19	c8	EIF3E
6.08774225270651e-24	1.16905567607576	0.246	0.106	2.05120387462693e-19	c8	PLAC8
1.11040030109316e-23	1.29890987814915	0.251	0.112	3.74138277450331e-19	c8	ITPKB
1.9861218722502e-23	1.75542487460862	0.125	0.038	6.69203903635984e-19	c8	SPG20
3.49857134382325e-23	0.578884688803578	0.703	0.502	1.17880862858781e-18	c8	SNHG12
4.01902880062921e-23	1.28945129568434	0.197	0.077	1.35417156408401e-18	c8	CCR4
4.3454860554948e-23	0.515771315516442	0.814	0.663	1.46416807153842e-18	c8	EIF4B
6.67526647180102e-23	1.67293187160883	0.144	0.048	2.24916428500863e-18	c8	GMPPB
1.68881931557254e-22	0.315086473016661	0.958	0.871	5.6903078018901e-18	c8	CYTIP
1.93185482909562e-22	0.893413952096749	0.61	0.459	6.5091916611548e-18	c8	DCXR
5.92962422915485e-22	1.07567183149199	0.327	0.17	1.99792758777144e-17	c8	CEBPG
1.45114217500408e-21	1.58862321644283	0.132	0.044	4.88947844445876e-17	c8	ZBTB10
2.95450203977681e-21	0.955882245963818	0.317	0.161	9.95489917282399e-17	c8	KLF2
3.52577414419623e-21	0.196638777698352	1	0.999	1.18797434014548e-16	c8	RPS19
3.69689336183729e-21	0.312392273898356	0.98	0.944	1.24563124933746e-16	c8	MT-ND4
3.87920459298397e-21	4.27814667119302	0.069	0.015	1.30705919556002e-16	c8	CCL20
4.87712986702025e-21	0.732742913765972	0.544	0.359	1.6433001373938e-16	c8	PHF1
5.83702080565534e-21	0.756714151965511	0.485	0.303	1.96672579025751e-16	c8	DNAJB9
1.77692851478183e-20	0.285550330855536	0.98	0.91	5.98718293770589e-16	c8	MT-ND3
3.64849644839738e-20	0.239100114079866	0.995	0.985	1.22932439332301e-15	c8	EEF1D
8.21568987117965e-20	0.297388804564894	0.995	0.972	2.76819454519527e-15	c8	SARAF
8.83624142200593e-20	0.710605186865074	0.514	0.345	2.97728318473068e-15	c8	PTGER4
1.87524428377035e-19	1.31490973244685	0.222	0.104	6.31844808973581e-15	c8	XPOT
4.05535804023939e-19	0.678581570066675	0.453	0.277	1.36641233807826e-14	c8	ARID5A
7.2356264087355e-19	0.987126521456994	0.198	0.085	2.43797196215934e-14	c8	FAAH2
1.00120399324132e-18	1.32526189651847	0.158	0.062	3.37345673482729e-14	c8	BACH2
1.39262149713525e-18	0.84147611459061	0.475	0.314	4.6922988724475e-14	c8	ENO2
1.61076393556735e-18	0.938064026591939	0.346	0.196	5.42730800450064e-14	c8	FAM65B
1.82084391820156e-18	0.295105059230607	0.993	0.936	6.13515149798835e-14	c8	RPL36A
3.18100158433125e-18	0.325681411732585	0.922	0.827	1.07180667382457e-13	c8	TSC22D3
1.52311438228415e-17	1.40231660184611	0.149	0.059	5.13198159966823e-13	c8	BMI1
2.18165582378416e-17	0.486405501287582	0.627	0.453	7.35087113265835e-13	c8	RNMT
2.42077254561568e-17	2.16610979033134	0.061	0.014	8.15655101519747e-13	c8	RALGPS2
4.26384810978682e-17	0.507769958774698	0.676	0.522	1.43666098211157e-12	c8	SSR3
8.74826363995316e-17	0.978874441032867	0.229	0.112	2.94763995084582e-12	c8	ANKH
8.92329983824048e-17	0.543759380703811	0.759	0.636	3.00661664749675e-12	c8	NDUFV2
9.09889664471691e-17	1.35482771632057	0.212	0.103	3.06578223547092e-12	c8	KLRB1
1.19257764235065e-16	0.978862704688727	0.251	0.129	4.01827110813629e-12	c8	SORL1
1.29121386482024e-16	0.212030662031432	0.849	0.709	4.35061599612531e-12	c8	HSPD1
1.5418820877331e-16	1.84712609922216	0.11	0.039	5.19521750640791e-12	c8	EXOC3
1.82213765081191e-16	1.1246832843901	0.229	0.115	6.13951060064565e-12	c8	AARS
1.86252961757541e-16	0.40439577713823	0.829	0.71	6.2756072934586e-12	c8	GLTSCR2
3.61542506374525e-16	0.708507011265018	0.478	0.323	1.21818132097832e-11	c8	TRAF1
4.32928855683217e-16	0.994192227746	0.227	0.114	1.45871048633903e-11	c8	SH3YL1
4.57357913997632e-16	1.25936517782169	0.171	0.076	1.54102175542362e-11	c8	MYC
5.10298622885401e-16	0.482578055951231	0.759	0.622	1.71940017995007e-11	c8	EML4
5.21036834692224e-16	1.72176436937776	0.088	0.027	1.75558151081198e-11	c8	EIF4EBP3
1.12349314676762e-15	0.224222267897167	0.992	0.978	3.78549780871881e-11	c8	PFDN5
1.20053828512371e-15	1.4738639711828	0.108	0.039	4.04509369789582e-11	c8	TRABD2A
2.77791909569554e-15	2.65095407109356	0.034	0.005	9.35992060103656e-11	c8	ADAM23
4.3612304648253e-15	0.283838280179394	0.859	0.752	1.46947299281824e-10	c8	KLF6
4.84571041676351e-15	0.197893059433165	0.864	0.737	1.6327136678243e-10	c8	HIST1H4C
6.72549949813111e-15	0.506205124449372	0.617	0.466	2.26608980090029e-10	c8	HSPA5
1.22490820012069e-14	1.60048163910007	0.078	0.024	4.12720568948666e-10	c8	CTH
2.55384065909932e-14	1.42413858613197	0.114	0.044	8.60491071676926e-10	c8	CAMK1D
2.78921614047233e-14	0.710854603368537	0.378	0.24	9.39798486370747e-10	c8	SYPL1
2.8745876022211e-14	0.131247392105523	1	0.998	9.68563546692379e-10	c8	RPL12
3.00061766717586e-14	0.61628148588943	0.515	0.37	1.01102811677824e-09	c8	IMPDH2
3.11921932675893e-14	0.846425611223664	0.244	0.13	1.05098975995815e-09	c8	MPZL3
4.13585570421922e-14	0.894620495064797	0.292	0.171	1.39353522097963e-09	c8	IARS
5.40212194455656e-14	0.662772576998085	0.417	0.275	1.82019096799889e-09	c8	ZEB1
5.56565665452701e-14	2.32854838467877	0.047	0.011	1.87529235317633e-09	c8	MYOM2
6.62899804118258e-14	1.36043842801737	0.115	0.045	2.23357459999606e-09	c8	ARHGAP5
1.05188241770562e-13	0.824776379204949	0.29	0.169	3.54421261821733e-09	c8	CRBN
1.28038792665781e-13	1.36042672941975	0.073	0.022	4.31413908008082e-09	c8	PLAUR
1.54725405060178e-13	0.762111180195637	0.392	0.258	5.21331779809763e-09	c8	TRAT1
1.7143277879916e-13	0.707015757788391	0.51	0.367	5.77625604885891e-09	c8	PLIN2
2.15093988706895e-13	0.476866369545608	0.436	0.281	7.24737685549011e-09	c8	PER1
2.86656423026053e-13	2.84823216358086	0.025	0.003	9.65860151743985e-09	c8	TCEAL2
2.97134017682487e-13	0.590192939431065	0.254	0.138	1.00116335917937e-08	c8	MAL
4.02049615501449e-13	0.966787353386128	0.2	0.103	1.35466597447058e-08	c8	PXN
4.30813223499728e-13	3.25151757981398	0.019	0.002	1.45158207525998e-08	c8	PPP4R4
8.27279413271995e-13	1.95758001770163	0.058	0.016	2.78743525507866e-08	c8	UNC45B
8.89414003677944e-13	0.681808127242882	0.308	0.184	2.99679154399246e-08	c8	RP11-796E2.4
9.1694094242653e-13	0.221964401575759	0.995	0.967	3.08954081141195e-08	c8	NPM1
1.0730345646257e-12	0.45676752514564	0.668	0.52	3.61548266204984e-08	c8	SFXN1
1.22415887495242e-12	1.29891306472194	0.097	0.036	4.12468091326468e-08	c8	SCML1
1.2247565134781e-12	0.466502102830774	0.661	0.529	4.12669459651313e-08	c8	RAP1A
1.52538034255776e-12	0.140952783450071	1	0.999	5.1396165262141e-08	c8	RPL41
1.7671336552096e-12	3.06635656197288	0.025	0.004	5.95418013786322e-08	c8	TKTL1
2.35850623135702e-12	0.537832215987384	0.444	0.303	7.94675089593433e-08	c8	USP47
2.37356378536018e-12	0.365238174111619	0.807	0.674	7.9974858183926e-08	c8	CSDE1
2.41672164641023e-12	1.36593456237324	0.132	0.06	8.14290191541464e-08	c8	FASN
2.67452766199681e-12	0.952331443251443	0.192	0.099	9.01155350433206e-08	c8	ZNF506
2.7220064068537e-12	2.36645026308009	0.031	0.005	9.17152838725285e-08	c8	NLRP3
2.75986421082616e-12	1.1690613942549	0.107	0.043	9.29908647195767e-08	c8	C1orf162
3.01748658682814e-12	0.583118423763561	0.569	0.452	1.01671193056587e-07	c8	TRAM1
3.95655515999799e-12	0.796384235875477	0.464	0.352	1.33312169560972e-07	c8	NOSIP
5.2860606299804e-12	0.744793936134642	0.337	0.217	1.7810852686656e-07	c8	CFAP36
6.90404069793258e-12	0.451737698836177	0.302	0.182	2.3262474727614e-07	c8	RHOB
9.07183655395945e-12	1.00942659632798	0.164	0.082	3.0566646084911e-07	c8	PLEKHA1
9.75753712500631e-12	0.208784912088989	0.966	0.939	3.28770455889963e-07	c8	RPL31
2.75023547558173e-11	0.825913577066562	0.188	0.099	9.26664341142507e-07	c8	CDC14A
3.0579808455076e-11	0.532731674815495	0.522	0.388	1.03035606608533e-06	c8	DDX21
3.08448129701502e-11	0.638457902293909	0.31	0.196	1.03928512821624e-06	c8	SENP7
3.30117682900293e-11	0.541391889337111	0.454	0.319	1.11229852076425e-06	c8	RABGGTB
3.82566479210657e-11	0.248916629083477	0.947	0.892	1.28901949505239e-06	c8	RPL7
4.23210621373685e-11	0.338858247343042	0.817	0.707	1.42596586765649e-06	c8	C4orf3
4.27650941651223e-11	2.86698995700516	0.025	0.004	1.44092708279963e-06	c8	TMPRSS11E
5.96904723057982e-11	0.65910533684189	0.314	0.199	2.01121077387156e-06	c8	WHAMM
7.23720084582866e-11	1.30976037626805	0.095	0.039	2.43850245299351e-06	c8	NR1D1
1.03247970992539e-10	0.527855746326901	0.641	0.543	3.47883713462261e-06	c8	SMCHD1
1.0672892879793e-10	1.16655946120371	0.117	0.053	3.59612452691744e-06	c8	SPINT2
1.24891806075122e-10	1.37514702610423	0.107	0.047	4.20810451389515e-06	c8	RIPK2
1.38663373583044e-10	1.04827266647217	0.127	0.06	4.67212370950709e-06	c8	SEC14L2
1.95706730187586e-10	0.166530610155141	0.998	0.983	6.59414256694053e-06	c8	RPL37A
2.61542403715824e-10	2.24562142116075	0.02	0.003	8.81240975080097e-06	c8	S100P
2.91939476621902e-10	0.85388098565628	0.227	0.135	9.83660872529836e-06	c8	BET1
3.10636685039109e-10	0.574793982853569	0.375	0.256	1.04665924657078e-05	c8	FOXP1
3.11540214171557e-10	0.140771528701819	0.98	0.948	1.04970359762965e-05	c8	MT-CO3
3.3309240463594e-10	0.303325330340117	0.868	0.77	1.12232154818033e-05	c8	ANP32B
3.47102580314312e-10	0.74066018255986	0.185	0.1	1.16952743411104e-05	c8	SELM
3.97591325065836e-10	0.635413082597022	0.283	0.177	1.33964421067683e-05	c8	MARS
4.3265439151145e-10	0.487623352699276	0.278	0.168	1.45778570675868e-05	c8	TCF7
4.3292865050066e-10	1.46987898254963	0.11	0.05	1.45870979499692e-05	c8	BEST1
5.27546175818974e-10	0.37234509361376	0.52	0.386	1.77751408480445e-05	c8	SERPINB9
5.71943256996306e-10	0.3549751203611	0.712	0.613	1.92710561012335e-05	c8	NR3C1
7.03630378403892e-10	0.708716829386305	0.281	0.178	2.37081219699407e-05	c8	MGAT4A
8.49111501822727e-10	1.85792244371565	0.049	0.015	2.8609962942415e-05	c8	SOCS2
1.12131297334159e-09	0.493281499895813	0.514	0.398	3.77815193237714e-05	c8	EPB41L4A-AS1
1.33797712483475e-09	0.19561512131091	0.912	0.787	4.50818012441822e-05	c8	HNRNPDL
1.56115940270123e-09	0.672838986675641	0.322	0.219	5.26017049146152e-05	c8	PITPNC1
1.57857100612464e-09	0.234652257806116	0.615	0.468	5.31883714803635e-05	c8	PTP4A1
2.09473644813883e-09	0.470279111218413	0.403	0.277	7.05800498835897e-05	c8	TTC39C
2.25883456129632e-09	2.28243848508409	0.027	0.006	7.61091717083182e-05	c8	IFNGR2
2.35495527666471e-09	0.427231151197357	0.431	0.312	7.93478630919407e-05	c8	GARS
2.38887658990396e-09	0.282600152538169	0.739	0.645	8.04908078202241e-05	c8	PIK3R1
2.52185574770532e-09	0.199905055080712	0.741	0.618	8.49714075631831e-05	c8	CDKN1B
2.89124843244302e-09	0.103539260548207	1	0.999	9.74177246827351e-05	c8	RPL28
3.0949347004504e-09	0.880161448896215	0.122	0.059	0.000104280729796976	c8	CTA-292E10.6
3.26836704647993e-09	1.33053809892468	0.114	0.055	0.000110124359264095	c8	AMPD2
3.54785568023009e-09	0.512971162032506	0.395	0.28	0.000119541449289673	c8	SBDS
5.26515510013654e-09	0.593861656321898	0.325	0.221	0.000177404135944	c8	FLT3LG
5.42913853550703e-09	0.358536685899507	0.614	0.494	0.000182929393815374	c8	GABARAPL1
7.63126572213845e-09	0.530155550160992	0.383	0.272	0.000257127867241733	c8	USP36
7.72376961241656e-09	0.407067313347556	0.688	0.587	0.000260244693320764	c8	WSB1
7.94950206637376e-09	1.24952567870533	0.053	0.018	0.000267850522624397	c8	TRAV27
1.02057656925562e-08	0.287089704923694	0.783	0.668	0.00034387306924499	c8	PRRC2C
1.05440405046239e-08	0.805060507657055	0.21	0.128	0.000355270900762796	c8	RCAN3
1.0865480063732e-08	0.333059326372243	0.624	0.505	0.000366101485267385	c8	CTD-2192J16.22
1.10373265491899e-08	1.51102163677938	0.044	0.014	0.000371891680748405	c8	SVIL
1.20153314417434e-08	0.632776915096455	0.281	0.185	0.000404844577598103	c8	NPAT
1.53873631385787e-08	1.5241787600308	0.051	0.017	0.00051846181359127	c8	TTC39C-AS1
1.66441014667543e-08	0.818464502106252	0.159	0.088	0.000560806354820819	c8	FXYD1
1.7177354137251e-08	2.42807679927882	0.034	0.009	0.000578773770300536	c8	H1F0
1.8420447775121e-08	0.525912122336711	0.427	0.321	0.000620658567334925	c8	EIF2A
2.2345702235927e-08	1.89749224623967	0.039	0.012	0.000752916091137325	c8	DENND5A
2.79348268496388e-08	1.28268067359918	0.083	0.037	0.000941236055871729	c8	CMTM8
3.15229824315266e-08	0.15185442611896	0.997	0.983	0.00106213537004786	c8	UBA52
3.3585101476628e-08	0.994250545311843	0.088	0.04	0.0011316164091535	c8	NOD2
3.37580042297396e-08	1.00420034848095	0.117	0.06	0.00113744219451685	c8	LDLRAP1
4.33022555627155e-08	0.280589104843348	0.751	0.658	0.00145902619893014	c8	SEC61B
6.02148669635594e-08	2.54396901444862	0.019	0.003	0.00202887972747017	c8	HID1
6.04540301512698e-08	1.68017841699851	0.059	0.023	0.00203693809191688	c8	RAB20
6.13313278757555e-08	0.189064105371512	0.978	0.949	0.00206649776144571	c8	COX7C
6.45044030659201e-08	0.944818923083436	0.119	0.061	0.00217341135690311	c8	TMEM38B
6.4553470712167e-08	0.271789837106293	0.563	0.442	0.00217506464217576	c8	FAM162A
6.75677823903993e-08	0.285725462498885	0.714	0.598	0.00227662885986211	c8	HNRNPA0
7.4462874436794e-08	0.883464924155886	0.153	0.087	0.00250895209127334	c8	MXI1
7.48788575170293e-08	0.179870835648441	0.915	0.861	0.00252296822517878	c8	RPL13A
7.73051389025307e-08	0.662750827675359	0.308	0.219	0.00260471935018187	c8	IL4R
8.5681845116225e-08	0.385961297938665	0.592	0.493	0.00288696408934608	c8	DAD1
9.68226073050334e-08	1.77937941145065	0.044	0.015	0.00326234093053579	c8	ZNF555
1.15428038012177e-07	1.01599130466862	0.097	0.047	0.0038892323127823	c8	TCEAL3
1.24999819799351e-07	1.09107935233014	0.102	0.051	0.00421174392831932	c8	KLF7
1.5406881163376e-07	1.79151848722273	0.031	0.008	0.00519119453918792	c8	RP11-734K2.4
1.61827352053824e-07	0.758433952584536	0.341	0.256	0.00545261080010155	c8	RILPL2
1.76013283366387e-07	0.23562819377302	0.873	0.797	0.00593059156974705	c8	SKP1
1.94089481096205e-07	0.667918657194129	0.166	0.098	0.00653965097605551	c8	ENTPD4
2.17967104843031e-07	1.77377414740616	0.049	0.018	0.00734418363058107	c8	CYSLTR1
2.21368361897704e-07	0.817811669975704	0.147	0.084	0.00745878558578123	c8	TRAK2
2.25479199026757e-07	0.94066766226414	0.344	0.268	0.00759729613200756	c8	GATA3
2.30526077519279e-07	0.45297538812619	0.38	0.284	0.00776734565593459	c8	OXNAD1
2.44491252811191e-07	0.769559281915935	0.159	0.094	0.00823788827222029	c8	SERINC5
2.65194331158682e-07	5.86781968207803	0.003	0	0.00893545779406062	c8	ENPP1
2.65194331158682e-07	6.14220546900071	0.003	0	0.00893545779406062	c8	CTD-2526A2.2
2.80151031319941e-07	0.851972764551799	0.061	0.025	0.00943940884929408	c8	TRAV29DV5
3.25046231490946e-07	0.253796023795935	0.602	0.47	0.0109521077238559	c8	RBM3
3.99646291754087e-07	0.906039355663037	0.137	0.079	0.0134656821543622	c8	MPI
4.32123508667448e-07	0.480921380768116	0.417	0.32	0.014559969501041	c8	FNTA
4.47479599961255e-07	0.12731534827707	0.908	0.837	0.0150773776410945	c8	MT-ND1
4.59833335283339e-07	0.647667150439387	0.198	0.126	0.0154936243990368	c8	ELL2
5.18175285222505e-07	0.339216342314149	0.429	0.315	0.0174593980602871	c8	IVNS1ABP
5.74565405575734e-07	0.356464339973142	0.563	0.45	0.0193594067754688	c8	EIF2S2
6.4339651670474e-07	0.596432533989224	0.346	0.258	0.0216786022338495	c8	TNIK
6.46971920860119e-07	0.657802472009882	0.237	0.161	0.0217990719014608	c8	TESPA1
6.4906117039345e-07	0.856681701628226	0.071	0.032	0.0218694670752369	c8	RP11-1000B6.3
8.64004974822575e-07	0.652196768722678	0.261	0.184	0.0291117836216718	c8	MANF
8.65981457935454e-07	1.13336683826843	0.058	0.024	0.0291783792436772	c8	PCBP3
9.44148076450508e-07	0.635589468952299	0.205	0.132	0.0318121252879234	c8	IRF2BP2
9.4851313976289e-07	1.64340389912959	0.031	0.009	0.0319592017311708	c8	GREM2
1.09773788310367e-06	0.669389184487986	0.234	0.161	0.0369871802332951	c8	CCDC57
1.26114293176776e-06	2.28423517257447	0.022	0.005	0.042492949942983	c8	MAPT
1.26998418074982e-06	0.569911292769941	0.344	0.262	0.0427908469861843	c8	USP3
1.28399576333006e-06	0.628401699351036	0.232	0.155	0.043262953249643	c8	SDF2L1
1.31521840673947e-06	0.731426761023823	0.19	0.123	0.0443149689966795	c8	DIMT1
