p_val	avg_log2FC	pct.1	pct.2	p_val_adj	cluster	gene
6.52962890352009e-190	1.03024851019494	1	0.971	2.20009316275206e-185	c6	MT-CO2
1.08413042940338e-168	1.09434123108445	0.997	0.906	3.65286906883175e-164	c6	MT-ND3
2.22894096769311e-147	0.884782232416667	1	0.964	7.51019369654516e-143	c6	MT-ATP8
2.19273337136943e-139	0.899354451406269	0.996	0.945	7.38819582149217e-135	c6	MT-CO3
2.33319166507142e-122	0.778029813095319	0.999	0.972	7.86145599629166e-118	c6	MT-ND4L
1.88751442789693e-114	0.923158249499176	0.99	0.909	6.35979111335593e-110	c6	MT-CYB
1.55093637092249e-102	0.612206226763472	1	0.985	5.22572500818624e-98	c6	MT-CO1
1.08168263793544e-99	0.897240802576218	0.968	0.828	3.64462148025967e-95	c6	MT-ND1
2.2199805391466e-98	0.687274934977828	1	0.969	7.48000242860057e-94	c6	MT-ATP6
8.4102057625002e-81	1.26248150311895	0.676	0.384	2.83373472961682e-76	c6	GIMAP7
2.90739477030539e-75	1.7279876555596	0.412	0.158	9.79617593906699e-71	c6	GZMK
3.22121359712301e-75	1.05428226411569	0.797	0.509	1.08535570941463e-70	c6	IL7R
1.0720868561675e-69	4.13221788109945	0.077	0.005	3.61228945317077e-65	c6	DKK3
1.00967262205737e-68	0.661819674023189	0.673	0.383	3.40199093276011e-64	c6	ANXA1
8.42347984159059e-68	1.30730749744639	0.549	0.287	2.83820729782553e-63	c6	GIMAP1
1.68014711705804e-64	1.54426926723681	0.393	0.162	5.66108769621537e-60	c6	ITM2C
2.76933014813171e-64	1.29200527963562	0.594	0.354	9.33098100111498e-60	c6	PDCD4
2.19999918686715e-62	1.68767093376087	0.319	0.114	7.41267726023019e-58	c6	S1PR1
2.15517660367401e-61	1.48120220005566	0.453	0.218	7.26165204841921e-57	c6	TC2N
3.25271861334947e-60	0.694593762123684	0.865	0.588	1.09597100958197e-55	c6	CD8A
8.58096778075331e-60	1.6917573349025	0.349	0.142	2.89127128404702e-55	c6	FAM102A
1.09363914152801e-58	0.756509899046627	0.836	0.634	3.68490772346448e-54	c6	RABAC1
1.01982330257663e-55	1.02122514375232	0.677	0.458	3.43619263570169e-51	c6	S100A11
4.24721039312341e-54	1.41679489700539	0.45	0.232	1.431055069859e-49	c6	MT-ND6
2.68265206045878e-53	0.838785273202946	0.797	0.547	9.03892785250982e-49	c6	CD8B
3.289160642293e-53	0.743999528442834	0.818	0.657	1.1082497868142e-48	c6	ITM2B
2.1433722902652e-51	0.458957470825569	0.989	0.932	7.22187859481958e-47	c6	PTPRC
4.77167358566964e-51	0.634864654635662	0.989	0.976	1.60776769795553e-46	c6	PABPC1
1.09845546437399e-49	0.441138373932016	0.997	0.989	3.70113584166173e-45	c6	RPS16
1.61241771905699e-49	1.43448673965031	0.407	0.205	5.43288026259062e-45	c6	CCDC109B
1.31979030435348e-48	1.14450556147816	0.53	0.315	4.44690145148863e-44	c6	SLFN5
1.65275563058789e-48	1.58891555420116	0.319	0.135	5.56879482170282e-44	c6	CXCR3
1.7319109507868e-47	1.31832159719227	0.422	0.218	5.83550075758105e-43	c6	MGST3
2.88394132955874e-47	0.650292954939387	0.88	0.72	9.71715191581522e-43	c6	CYBA
3.16017603350295e-46	0.852081495041816	0.709	0.504	1.06478971272848e-41	c6	RNF213
1.34306237125051e-45	0.597922911565197	0.932	0.814	4.52531435369147e-41	c6	MT-ND2
4.61609616731685e-44	1.87164638006629	0.465	0.275	1.55534744261574e-39	c6	GNLY
2.67911821926304e-43	0.994688505060175	0.537	0.333	9.02702092798488e-39	c6	TXNIP
1.22518779026145e-42	0.434187942005452	0.979	0.917	4.12814774050693e-38	c6	SH3BGRL3
1.87980929234741e-42	1.06928918305303	0.383	0.185	6.33382942963538e-38	c6	LYAR
5.51138341653111e-42	2.22906864249543	0.166	0.049	1.85700552836599e-37	c6	C1orf21
1.33998696816558e-41	1.10697605162972	0.497	0.295	4.5149520905371e-37	c6	ABLIM1
2.86349444331354e-40	0.305759825274068	0.999	0.994	9.64825817730064e-36	c6	RPLP0
3.4526415203219e-40	0.564033429570938	0.897	0.806	1.16333303385726e-35	c6	S100A10
8.80286125352556e-40	0.798660678927745	0.658	0.467	2.9660360707629e-35	c6	GABARAPL2
2.89435198565177e-39	0.695831098690952	0.739	0.555	9.75222958045507e-35	c6	UQCR11
4.19967895597377e-39	0.582127757752749	0.9	0.819	1.4150398274258e-34	c6	MT-ND5
5.0811184694217e-37	0.483859097599677	0.91	0.783	1.71203205708695e-32	c6	CD99
5.63182694498553e-37	1.69987550997077	0.255	0.11	1.89758777084342e-32	c6	FLOT1
1.40724825671491e-36	0.782698316088802	0.652	0.471	4.74158227617521e-32	c6	MRPS6
9.23354479674964e-36	0.732903593097334	0.658	0.474	3.11115058381682e-31	c6	GIMAP4
2.8505383794337e-35	0.44740081945339	0.89	0.784	9.60460401566392e-31	c6	HMGB1
6.83170950875481e-35	0.550048379457076	0.847	0.72	2.30187620187985e-30	c6	MYL12A
8.88020078683351e-35	0.225448485485678	1	0.999	2.99209485311568e-30	c6	RPS19
4.3843654588222e-34	0.963973404333822	0.474	0.299	1.47726809769555e-29	c6	PRDX2
7.27190377233433e-34	1.31846657457664	0.332	0.175	2.45019525705033e-29	c6	C4orf48
2.57961511858966e-33	2.31569473450977	0.16	0.054	8.691755180576e-29	c6	KLRC1
7.26562803316167e-33	0.984380965093911	0.467	0.286	2.44808070949349e-28	c6	GSTP1
2.13743436104053e-31	1.33716224864377	0.275	0.132	7.20187133608997e-27	c6	GIMAP5
2.70918341861521e-31	0.208298960714152	0.999	0.999	9.12832261068209e-27	c6	HLA-B
8.77041691266608e-30	0.604821322074677	0.712	0.565	2.95510427455371e-25	c6	CIB1
1.0978020700948e-29	1.17070858375834	0.311	0.162	3.69893429497743e-25	c6	STOM
1.95174521405756e-29	1.41142409919529	0.284	0.144	6.57621032424553e-25	c6	LINC00869
3.69442292623326e-29	0.342379676825431	0.88	0.734	1.24479886076504e-24	c6	CXCR4
4.01900983364532e-29	0.90827828538026	0.478	0.321	1.35416517334845e-24	c6	NDUFB2
5.97692610158621e-29	0.681570958235471	0.687	0.528	2.01386548066846e-24	c6	FYN
7.6553145839084e-29	0.705015316575856	0.584	0.412	2.5793816959021e-24	c6	ITGA4
4.11744505053563e-28	3.35288945207846	0.044	0.005	1.38733193532747e-23	c6	RP11-357H14.17
4.14254796873815e-28	0.702068054799051	0.613	0.46	1.39579011258663e-23	c6	NDUFA3
7.58871060626639e-28	1.90197515487563	0.14	0.048	2.5569401516754e-23	c6	GLIPR2
8.46708531390248e-28	1.4476844836695	0.242	0.114	2.8528997256663e-23	c6	AOAH
1.10124695390684e-27	0.809312203775824	0.518	0.364	3.71054148649369e-23	c6	TAPBP
2.02901220027158e-27	1.65123810280112	0.203	0.087	6.83655370759506e-23	c6	CLIC3
2.15172179947219e-27	0.987896851961081	0.385	0.228	7.25001143114158e-23	c6	TGIF1
3.58767635346226e-27	0.818349290406616	0.504	0.35	1.20883167053557e-22	c6	IL10RA
5.68155982868025e-27	2.03303834142888	0.111	0.033	1.91434476867552e-22	c6	CD300A
2.68611774175515e-26	0.49890592495862	0.788	0.658	9.05060511906979e-22	c6	UBL5
7.35466134290798e-26	0.479992734141562	0.883	0.636	2.47807959287941e-21	c6	CCL5
9.2386117733308e-26	0.496066439136041	0.714	0.533	3.11285785090608e-21	c6	ARPC1B
1.45746355019224e-25	0.756459059652718	0.547	0.409	4.91077768601772e-21	c6	NEDD8
4.05930365841847e-25	1.10101616249489	0.334	0.199	1.36774177466752e-20	c6	TMEM160
5.10299803486663e-25	1.81534810248361	0.173	0.073	1.71940415786796e-20	c6	STMN3
5.15932913747269e-25	1.86723348392287	0.126	0.043	1.73838435958005e-20	c6	SMIM3
1.57063012431242e-24	0.773144964804521	0.538	0.396	5.29208114085826e-20	c6	SYNE2
2.93524199395513e-24	0.962377901945818	0.43	0.29	9.8900043744324e-20	c6	AKNA
8.05126901122345e-24	0.996798982135364	0.371	0.235	2.71279458064163e-19	c6	EPB41
8.32790901029061e-24	1.60238099321556	0.183	0.081	2.80600566192732e-19	c6	MX2
1.00974444524772e-23	1.12297632323901	0.251	0.125	3.40223293381767e-19	c6	SORL1
2.60525316994231e-23	0.825134778275217	0.436	0.288	8.7781400308036e-19	c6	APOBEC3G
2.826039294743e-23	0.681594692735182	0.541	0.391	9.52205679970705e-19	c6	NDUFB10
2.94230245698405e-23	1.56692717861941	0.156	0.063	9.91379389856204e-19	c6	LINC00623
3.41892014834213e-23	0.927149667804734	0.429	0.288	1.1519709547824e-18	c6	ANXA2
4.67091153416423e-23	0.884659207277806	0.329	0.187	1.5738169323213e-18	c6	CCR7
5.37752845119773e-23	0.368277456478045	0.885	0.787	1.81190443634656e-18	c6	CALM1
7.6649835792135e-23	1.79042801866454	0.125	0.045	2.5826395671802e-18	c6	SMIM14
8.69388383182344e-23	0.566167759334278	0.637	0.492	2.92931721829459e-18	c6	UQCR10
8.76383972830278e-23	0.175963323048113	0.999	0.998	2.95288815805434e-18	c6	RPS3
1.14059932481479e-22	0.186883637780163	0.999	0.997	3.84313536503096e-18	c6	RPL14
3.50338215837627e-22	1.48985649786853	0.206	0.1	1.1804295844433e-17	c6	PTK2B
3.91914983989845e-22	1.81531936738157	0.092	0.027	1.32051834705538e-17	c6	TPRG1
5.50597244736161e-22	0.771754859859017	0.516	0.396	1.85518235641402e-17	c6	PEBP1
6.06415526098031e-22	1.23821762307972	0.251	0.135	2.04325647363471e-17	c6	PRKDC
7.52114403254247e-22	0.614956674462183	0.575	0.431	2.53417427032486e-17	c6	PRDX1
8.46718178983618e-22	0.771328139189607	0.525	0.397	2.8529322322674e-17	c6	ARHGEF1
8.9996479614319e-22	0.66077396292363	0.633	0.517	3.03234138412487e-17	c6	CD6
9.77537974195562e-22	0.399266461877633	0.846	0.722	3.29371645025453e-17	c6	CD2
1.87071170015441e-21	0.341804599059511	0.902	0.814	6.30317600250027e-17	c6	H3F3A
2.73011419170044e-21	0.538186638621065	0.676	0.552	9.19884675751545e-17	c6	CSTB
3.13525771948583e-21	2.0949132802329	0.079	0.022	1.05639373600355e-16	c6	NSG1
3.26556281775284e-21	0.487410808706224	0.666	0.522	1.10029873581364e-16	c6	LCK
5.47407637465464e-21	1.60589209413115	0.175	0.082	1.84443529367613e-16	c6	AIM2
8.31017765325661e-21	0.89249963833714	0.388	0.262	2.80003125848828e-16	c6	MRPL41
9.93967485285287e-21	0.715104820787935	0.536	0.408	3.34907404492025e-16	c6	PPP2R5C
3.57296433986622e-20	0.621369575767671	0.526	0.379	1.20387460467452e-15	c6	PPP1CA
5.00451109007904e-20	0.900221734790927	0.339	0.212	1.68621996669123e-15	c6	GZMM
7.7886331704676e-20	1.18993852272972	0.209	0.106	2.62430206045735e-15	c6	PLAC8
9.17373814410805e-20	0.689047161769367	0.488	0.353	3.09099933027576e-15	c6	RGCC
1.02724518495839e-19	0.427780254798247	0.692	0.533	3.46119992619879e-15	c6	LY6E
1.03594100064797e-19	0.108921009508042	1	0.999	3.49049960758328e-15	c6	B2M
1.03624414719659e-19	1.33643503426295	0.204	0.105	3.49152102956418e-15	c6	VAT1
1.28991809506134e-19	1.26478736221043	0.207	0.105	4.34625002949969e-15	c6	LYSMD2
2.42228683291908e-19	0.880747554546711	0.364	0.244	8.16165325483756e-15	c6	PDCD5
3.98417592658227e-19	1.31844399237906	0.208	0.109	1.34242823670263e-14	c6	RAB29
1.36429883622738e-18	0.354805869685085	0.784	0.67	4.59686849878454e-14	c6	HNRNPA2B1
1.4757778488401e-18	2.09922073339314	0.078	0.024	4.97248588388183e-14	c6	DUSP14
2.56157468845627e-18	0.852408161306163	0.363	0.245	8.63096975528456e-14	c6	SIVA1
2.57586234805898e-18	1.17065529519532	0.198	0.102	8.67911059554994e-14	c6	SNAI3
2.69709293198492e-18	0.922346536062701	0.282	0.164	9.08758492503e-14	c6	TCF7
2.7490232392565e-18	0.147867408929773	0.999	0.998	9.26255890235086e-14	c6	RPS27A
4.13324825465058e-18	2.25004592229997	0.064	0.017	1.39265666692197e-13	c6	CYB561
4.37525249350449e-18	1.06082950444591	0.354	0.242	1.4741975751614e-13	c6	CMC1
5.06860772738584e-18	0.142301345766326	0.997	0.997	1.70781668766538e-13	c6	RPS14
6.51938613142412e-18	0.517551345620011	0.38	0.252	2.19664196312204e-13	c6	HTATIP2
7.3284538924848e-18	1.92602965319163	0.079	0.025	2.46924925453383e-13	c6	CRIP2
7.33569804564776e-18	0.702287957472309	0.455	0.332	2.47169009950056e-13	c6	DYNLT1
1.16795514021096e-17	0.873068085486435	0.328	0.21	3.9353080494268e-13	c6	SKIL
1.35741603067656e-17	1.15161326044918	0.251	0.148	4.5736775737616e-13	c6	RP11-660L16.2
1.37206873902057e-17	0.456803941975815	0.869	0.796	4.6230484092559e-13	c6	S100A6
1.3813515850276e-17	0.882040558219682	0.361	0.246	4.654326030592e-13	c6	P2RY8
1.448169498708e-17	0.337960358858422	0.878	0.833	4.87946230894673e-13	c6	MYL12B
2.309151301696e-17	0.92546232340037	0.319	0.21	7.78045439593451e-13	c6	NDUFB7
2.78889437353611e-17	0.34123910821623	0.846	0.774	9.39690070219255e-13	c6	PSME1
4.40423884814252e-17	0.811567500987313	0.39	0.274	1.48396423749314e-12	c6	BTN3A2
4.4615608756944e-17	0.792239754550279	0.271	0.158	1.50327832145647e-12	c6	SAMD3
4.97719389810782e-17	0.686706217238197	0.512	0.4	1.67701571202845e-12	c6	C9orf142
5.1529799273485e-17	0.356714223189338	0.763	0.658	1.7362450567208e-12	c6	CALM2
5.34973031946086e-17	0.677600245768487	0.44	0.32	1.80253813383914e-12	c6	POLR2L
7.54405105822529e-17	0.717254548311151	0.434	0.315	2.54189256355843e-12	c6	OCIAD2
1.08688310910153e-16	0.155236825121281	0.997	0.994	3.6621439478067e-12	c6	RPL3
1.78530132757783e-16	1.73381412550591	0.11	0.044	6.01539429314075e-12	c6	TSPAN2
2.10834437483114e-16	1.39844506118396	0.165	0.082	7.10385553655603e-12	c6	NAE1
2.13033264214686e-16	0.485212733438051	0.631	0.526	7.17794280444962e-12	c6	DRAP1
3.27718625067568e-16	1.33201051862004	0.163	0.08	1.10421513530266e-11	c6	TIMP1
5.29821063598293e-16	0.831500965055258	0.33	0.219	1.78517909168809e-11	c6	STK38
7.65803757190061e-16	2.4324083658163	0.042	0.009	2.58029917947619e-11	c6	AUTS2
8.24951815923094e-16	1.26115452020694	0.189	0.102	2.77959264857127e-11	c6	TRANK1
1.32512744013445e-15	0.423920402257101	0.731	0.642	4.464884396789e-11	c6	EMP3
1.64687721848265e-15	2.4874302902121	0.033	0.006	5.54898809995543e-11	c6	TYROBP
1.84639449338744e-15	0.621484888243176	0.555	0.462	6.22124160601965e-11	c6	CD53
2.05882284534742e-15	1.33664302947977	0.126	0.056	6.93699769511358e-11	c6	ANTXR2
2.16141258698341e-15	0.579017522746379	0.561	0.466	7.28266357058192e-11	c6	MBP
2.36214297622884e-15	0.638330174833055	0.479	0.381	7.95900454410544e-11	c6	YWHAQ
2.66247622392582e-15	0.86768849203213	0.33	0.227	8.97094738889564e-11	c6	PDCD6
2.69070894181797e-15	0.618448211771964	0.475	0.37	9.06607470856148e-11	c6	PSMA5
2.96863355019707e-15	0.448760440133567	0.639	0.538	1.0002513884034e-10	c6	MYH9
3.49815604298808e-15	0.569215456507605	0.444	0.329	1.1786686971244e-10	c6	UPP1
5.86620514990194e-15	3.12806378723646	0.029	0.005	1.97655916320796e-10	c6	SYNGR1
5.86859973564416e-15	4.61723773449524	0.014	0.001	1.97736599492794e-10	c6	TMEM171
7.33488111891106e-15	0.115177578947121	0.999	0.999	2.47141484420589e-10	c6	RPL28
7.4725697179677e-15	1.80019594580787	0.081	0.029	2.51780764077204e-10	c6	PCSK1N
8.8263375015491e-15	1.00110996048734	0.257	0.163	2.97394615777195e-10	c6	DGCR6L
9.39216746746457e-15	0.655424133877405	0.363	0.244	3.16459690648751e-10	c6	GPR183
1.09349273981707e-14	0.222914044517811	0.903	0.8	3.68441443753963e-10	c6	CFL1
1.25037938789015e-14	0.747559251357752	0.376	0.271	4.21302830955707e-10	c6	CKLF
1.48391371567711e-14	0.546585546134765	0.492	0.379	4.99989887360245e-10	c6	DEK
1.54192461799221e-14	0.912070396975341	0.295	0.199	5.19536080786295e-10	c6	C14orf119
1.64952759559136e-14	1.22795018329425	0.188	0.105	5.55791828058554e-10	c6	MYD88
2.04670052598994e-14	0.489538381270014	0.549	0.434	6.89615275227051e-10	c6	CD3G
2.35818791680514e-14	0.573314813143781	0.522	0.422	7.94567836688323e-10	c6	PET100
2.38563117557324e-14	2.5283137859727	0.035	0.007	8.03814568297647e-10	c6	GRAMD1C
2.43283118382824e-14	1.45906524324278	0.135	0.065	8.19718139079087e-10	c6	ZBTB20
2.87345508941902e-14	0.105449403261451	0.999	0.998	9.68181957828843e-10	c6	RPL13
3.08206388670844e-14	1.50916196291271	0.124	0.057	1.03847060598754e-09	c6	ITGA1
4.28627839521682e-14	1.26184173538712	0.184	0.104	1.44421864248435e-09	c6	CCDC115
4.45463893120528e-14	1.29623991278665	0.134	0.064	1.50094604148031e-09	c6	RNF125
4.50150789347702e-14	0.578165665032829	0.491	0.381	1.51673806962815e-09	c6	APMAP
4.51628080228851e-14	0.417672699240063	0.509	0.373	1.52171565352309e-09	c6	PRF1
6.58900462873712e-14	1.02113087239777	0.213	0.124	2.22009921960669e-09	c6	GALNT11
7.2578621571944e-14	0.145937139047053	0.999	0.988	2.44546407524508e-09	c6	RPS10
7.29889421130088e-14	0.472075273638445	0.574	0.47	2.45928941555572e-09	c6	TECR
7.46133015751113e-14	0.390143299533369	0.68	0.583	2.5140205832718e-09	c6	TMEM50A
1.07362997377582e-13	1.48972425211782	0.125	0.059	3.61748883364026e-09	c6	DTHD1
1.15121119146515e-13	0.606312349321578	0.439	0.337	3.87889098852267e-09	c6	RASSF5
1.18644248791757e-13	1.80452171858373	0.076	0.028	3.99759931878945e-09	c6	PLEKHA5
1.1881963829862e-13	0.874253004150368	0.308	0.212	4.0035088928337e-09	c6	MAGED2
1.45083985308915e-13	0.406444855418912	0.687	0.576	4.88845980099857e-09	c6	SEPT9
1.63403024797079e-13	0.745596449744159	0.373	0.278	5.50570151751276e-09	c6	PRMT1
1.9443633849523e-13	0.615316985991833	0.39	0.291	6.55133798925827e-09	c6	TALDO1
1.94667865044243e-13	0.552885443602424	0.504	0.41	6.55913904480072e-09	c6	C14orf2
2.23403983734453e-13	1.50744564131885	0.055	0.017	7.52737382794867e-09	c6	S1PR5
2.33139855428267e-13	0.859820092510476	0.339	0.248	7.85541428880003e-09	c6	RBBP7
2.33572084097635e-13	1.90031222816663	0.071	0.025	7.8699778015857e-09	c6	DBN1
2.46978432554759e-13	1.59159542270869	0.088	0.035	8.32169130650004e-09	c6	BCL9L
2.80880862507188e-13	0.700380375115405	0.299	0.196	9.46399978131719e-09	c6	FAM65B
3.00664705697793e-13	1.30586283166275	0.122	0.058	1.01305965937815e-08	c6	PTGER2
3.0159477500978e-13	1.0870661939054	0.197	0.114	1.01619343491795e-08	c6	EOMES
3.30231620688307e-13	0.464612932053872	0.581	0.489	1.11268242274718e-08	c6	KRTCAP2
3.40293234733208e-13	0.158512142650635	0.994	0.979	1.14658402511007e-08	c6	HLA-C
3.78875039561062e-13	0.750128981471194	0.372	0.281	1.27658155829704e-08	c6	MEAF6
3.79066941384076e-13	0.297090755489201	0.796	0.728	1.27722815229951e-08	c6	GPX4
3.89573662310271e-13	0.618598135092255	0.484	0.393	1.31262949778823e-08	c6	ARRB2
4.38286106677839e-13	1.02276709801732	0.192	0.11	1.47676120784031e-08	c6	GPR132
4.62628795223023e-13	0.808897262828752	0.279	0.185	1.55878146262445e-08	c6	LRPAP1
4.8198691144595e-13	0.767666321435583	0.359	0.266	1.62400669942598e-08	c6	MAF1
4.82651977372429e-13	0.357679456898574	0.7	0.613	1.62624757255866e-08	c6	RARRES3
5.03985322454675e-13	1.76580247771973	0.049	0.014	1.69812814547878e-08	c6	COL6A2
5.04429786647351e-13	1.59532780723625	0.107	0.049	1.69962572312958e-08	c6	PEPD
5.32768851239378e-13	0.948392475961045	0.253	0.165	1.79511136736596e-08	c6	TUSC2
6.23040060237918e-13	0.315162559011257	0.641	0.532	2.09927117896564e-08	c6	ANKRD12
7.22791384328100e-13	0.882835210744149	0.289	0.198	2.4353732903551e-08	c6	FKBP11
7.34530320255101e-13	3.50018088170707	0.018	0.002	2.47492646106754e-08	c6	SMKR1
7.37214360446356e-13	1.99737193716958	0.052	0.016	2.48397006608795e-08	c6	PLXND1
7.95543791799034e-13	0.117138120267216	0.999	0.999	2.68050525208767e-08	c6	RPS27
8.67857076719259e-13	0.373463616923346	0.308	0.207	2.92415763429787e-08	c6	OASL
8.93515170870455e-13	0.60427932319074	0.435	0.338	3.01061001673091e-08	c6	AES
1.01306132532753e-12	0.432992350574507	0.333	0.222	3.41340882955858e-08	c6	IFI6
1.3026029091817e-12	0.108813584437542	0.958	0.878	4.38899024219683e-08	c6	ZFP36L2
1.51739267232307e-12	0.958913011966928	0.256	0.168	5.11270287012537e-08	c6	MSL3
1.58169260720696e-12	0.919976426313803	0.261	0.173	5.32935507072313e-08	c6	TPST2
2.11622649495086e-12	0.98783084108603	0.211	0.127	7.13041355208744e-08	c6	KLRG1
2.44083109196967e-12	1.01475239983807	0.195	0.117	8.22413628128259e-08	c6	TRAPPC6A
2.47576101694181e-12	2.12799050184253	0.04	0.011	8.34182917048374e-08	c6	GALNT10
3.16729138464979e-12	0.67350515451576	0.381	0.292	1.0671871591439e-07	c6	DNAJC8
3.2316149612938e-12	0.536652573989499	0.405	0.302	1.08886034505833e-07	c6	PDE4B
3.37467346725129e-12	0.3539552438606	0.712	0.647	1.13706247805565e-07	c6	C19orf43
3.43377721517299e-12	0.615443461198941	0.404	0.314	1.15697689488039e-07	c6	PYURF
5.43518033101909e-12	0.426114666626094	0.641	0.57	1.83132966073357e-07	c6	RSRP1
5.89985734393317e-12	0.9138178975098	0.266	0.183	1.98789793346484e-07	c6	GLO1
6.8907189693881e-12	0.679571987903876	0.381	0.298	2.32175884954562e-07	c6	MLF2
7.19910216571576e-12	0.126103213295274	0.999	0.998	2.42566548371627e-07	c6	RPL7A
8.26575248857657e-12	0.19359488036253	0.972	0.927	2.78506264350099e-07	c6	HLA-E
8.82004677195355e-12	1.26402926820584	0.146	0.079	2.97182655934203e-07	c6	GCLM
9.19253616227194e-12	0.760526535582608	0.338	0.246	3.09733313451591e-07	c6	ANXA7
1.03770144393623e-11	1.37140380445726	0.126	0.064	3.49643124519873e-07	c6	UNC50
1.09479751786563e-11	0.572978667867269	0.485	0.401	3.68881075669645e-07	c6	SRP9
1.28120889601039e-11	0.908885395430198	0.248	0.164	4.31690525421741e-07	c6	ARAP2
1.32066926234972e-11	0.895620317722259	0.228	0.147	4.44986301256116e-07	c6	ADAM8
1.55212320679485e-11	0.668606564929618	0.4	0.32	5.22972393297458e-07	c6	XRCC5
1.74453070146828e-11	0.824049412477481	0.088	0.037	5.87802174552721e-07	c6	FXYD2
1.99179935133703e-11	0.536888883386677	0.284	0.19	6.71116873439499e-07	c6	CDC42EP3
2.18351796328848e-11	0.660539438759755	0.38	0.294	7.35714542550422e-07	c6	C19orf66
3.51082112716427e-11	0.982678613214361	0.245	0.165	1.18293607058673e-06	c6	APPL1
3.59586209072465e-11	1.25075941296846	0.151	0.085	1.21158977284876e-06	c6	MARCKSL1
4.36706682985793e-11	0.720075993795955	0.334	0.251	1.47143949765233e-06	c6	MINOS1
4.38708151344462e-11	0.982950867579217	0.148	0.08	1.47818324514003e-06	c6	MATK
4.638254667341e-11	0.989674642090935	0.206	0.131	1.56281352761388e-06	c6	PIN4
4.8744524289413e-11	0.332480316609421	0.697	0.627	1.64239800140748e-06	c6	USMG5
5.45960878822327e-11	0.441927803809217	0.475	0.376	1.83956058510395e-06	c6	PRDX5
5.98087981253235e-11	0.16768255865412	0.754	0.641	2.01519764403465e-06	c6	PIK3R1
6.55688613737253e-11	0.37729320435206	0.647	0.571	2.2092772151263e-06	c6	ISG20
7.2136914398227e-11	1.09253031698057	0.103	0.049	2.43058119373386e-06	c6	ITGA5
8.60308595919521e-11	1.23315980935476	0.153	0.088	2.89872378309123e-06	c6	CALHM2
8.95933899989015e-11	0.722479285845664	0.332	0.25	3.01875968262299e-06	c6	RBL2
1.09714930617746e-10	3.8871981620796	0.013	0.001	3.69673487223432e-06	c6	FGR
1.2563735032698e-10	0.593551836235891	0.415	0.334	4.23322488191725e-06	c6	ACADVL
1.26534442446323e-10	1.44186580138696	0.107	0.053	4.26345150378641e-06	c6	PRKCI
1.39839621913832e-10	0.331817466209013	0.695	0.619	4.71175622076465e-06	c6	SEPT7
1.4419076924908e-10	2.79269298373205	0.024	0.005	4.85836377907849e-06	c6	ANKEF1
1.4981489315015e-10	1.10815088604534	0.195	0.125	5.04786300980114e-06	c6	PNP
1.65305314421642e-10	0.690445808999628	0.373	0.291	5.5697972641228e-06	c6	SPSB3
1.67885700413164e-10	0.953898845858014	0.223	0.149	5.65674078972116e-06	c6	PHB
1.79748597784923e-10	1.25525075588407	0.125	0.066	6.05644925376521e-06	c6	IFI44L
2.34419672006886e-10	0.775049172139339	0.247	0.168	7.89853642860003e-06	c6	ATP2B4
2.37618814479647e-10	0.844243193629961	0.303	0.225	8.00632833507722e-06	c6	RP5-1171I10.5
2.41804136799602e-10	2.03865198752403	0.039	0.011	8.14734858532579e-06	c6	PGLYRP2
2.58840952077594e-10	0.979367954364592	0.202	0.13	8.72138703930246e-06	c6	MPC1
2.63264516929469e-10	1.45822703656821	0.107	0.053	8.87043463342151e-06	c6	TRBV7-9
2.67190572499911e-10	0.430156353480488	0.487	0.403	9.00271914981199e-06	c6	IER2
2.69189453121007e-10	0.483421066173423	0.469	0.385	9.07006943345921e-06	c6	ARPC5
2.8825523573998e-10	0.265927940488422	0.792	0.723	9.71247191302289e-06	c6	TCEB2
3.06851703705507e-10	0.90533530926567	0.188	0.117	1.03390613046534e-05	c6	NAAA
3.25424221211379e-10	1.27357805250111	0.126	0.068	1.09648437094962e-05	c6	HAGHL
3.30469070378279e-10	0.718270380220726	0.363	0.287	1.11348248573257e-05	c6	FKBP2
3.64611799732621e-10	1.01813990290074	0.224	0.15	1.22852299801909e-05	c6	UTRN
3.88388584765845e-10	1.2152257481041	0.148	0.085	1.30863649751004e-05	c6	DTX3L
3.91174745291805e-10	1.0873860412526	0.156	0.091	1.31802418678621e-05	c6	MIAT
4.44161349214267e-10	0.877477412764828	0.238	0.163	1.49655725004255e-05	c6	CD58
4.46030898551185e-10	1.6653467512483	0.061	0.023	1.50285650957836e-05	c6	HGSNAT
4.54810950325078e-10	0.508885197277774	0.445	0.359	1.53244001602532e-05	c6	ANXA11
4.64928448605781e-10	1.23495467987054	0.13	0.072	1.56652991473232e-05	c6	ZNF302
4.88073461052317e-10	1.3602665532843	0.098	0.048	1.64451471966968e-05	c6	TRMO
4.889389087178e-10	1.14878801738736	0.127	0.069	1.64743075903376e-05	c6	KIF3A
5.20987748447508e-10	0.296980191566002	0.665	0.578	1.75541611961903e-05	c6	ARL6IP5
5.21006180392443e-10	1.45683701530996	0.076	0.033	1.7554782242143e-05	c6	SPHK1
5.34014691535468e-10	0.553525289636814	0.323	0.238	1.79930910165961e-05	c6	PBXIP1
5.77193171663605e-10	0.555273513515655	0.463	0.389	1.94479467260335e-05	c6	MPHOSPH8
6.68489703337215e-10	0.537922710882088	0.425	0.338	2.25240920642441e-05	c6	NELL2
7.02427125881173e-10	0.459451226447016	0.545	0.492	2.36675795794402e-05	c6	ATP5H
7.7635697657097e-10	0.308570396109908	0.724	0.664	2.61585719685823e-05	c6	LEPROTL1
8.29049443998446e-10	0.326309014913564	0.605	0.509	2.79339919660836e-05	c6	PSMB9
8.63320837709293e-10	0.354446112712821	0.642	0.569	2.90887323057769e-05	c6	COX6C
9.09635011971904e-10	1.41066003635148	0.087	0.041	3.06492420933813e-05	c6	RPS6KC1
9.54745879525759e-10	1.60880462146103	0.078	0.035	3.21692076647409e-05	c6	TSPAN3
9.76731118354959e-10	1.05704530183952	0.195	0.127	3.2909978301852e-05	c6	LRIF1
9.88819424970362e-10	1.13282350263166	0.125	0.068	3.33172817049514e-05	c6	NT5C3B
1.01118400093395e-09	0.70153766310987	0.323	0.249	3.40708337274685e-05	c6	NDUFAB1
1.03009379016189e-09	0.519650853191986	0.406	0.325	3.47079801657148e-05	c6	MRPS34
1.06709505805269e-09	0.466987819047313	0.527	0.46	3.59547008860273e-05	c6	ARL6IP4
1.08067193093147e-09	0.905367036280804	0.204	0.134	3.64121600408051e-05	c6	ARL2BP
1.10705806336374e-09	0.867672154839156	0.251	0.178	3.73012143869779e-05	c6	NUB1
1.24710297168145e-09	1.77821667404504	0.05	0.018	4.20198875278348e-05	c6	EPHA4
1.35421202630652e-09	2.92956196354704	0.015	0.002	4.56288200143717e-05	c6	COL6A1
1.37655020917392e-09	1.05047786009244	0.174	0.109	4.63814827479061e-05	c6	GIMAP6
1.44588559729674e-09	0.792095882162905	0.266	0.192	4.87176693153163e-05	c6	GYG1
1.46897410432792e-09	0.694869919208531	0.317	0.243	4.9495613471225e-05	c6	SNX17
1.49857458491796e-09	2.78676230921999	0.023	0.005	5.04929720642258e-05	c6	IQCE
1.52979581232113e-09	0.390829842696656	0.523	0.439	5.1544940100348e-05	c6	PSME2
1.62519118340955e-09	0.775359553668385	0.298	0.223	5.47591917338012e-05	c6	STAT4
1.65854647727911e-09	0.988705547457301	0.148	0.085	5.58830650054424e-05	c6	PERP
1.71813328799224e-09	0.703160003616677	0.311	0.237	5.78907830056104e-05	c6	CCND3
1.72297734323331e-09	0.961550670444941	0.19	0.123	5.80539986029033e-05	c6	PSMB8-AS1
2.12793780901902e-09	0.622722917357426	0.349	0.276	7.1698736537087e-05	c6	IL16
2.14892198602739e-09	0.758709863217549	0.23	0.155	7.24057773972069e-05	c6	NMRK1
2.19714279064364e-09	0.781160644295963	0.29	0.216	7.40305291879467e-05	c6	IRF3
2.27060869623525e-09	1.25019847054953	0.125	0.07	7.65058894109504e-05	c6	TMEM115
2.35953266104503e-09	1.22848788688059	0.141	0.083	7.95020934812512e-05	c6	PARP9
2.40294406913671e-09	0.589721184451467	0.26	0.178	8.09647974654924e-05	c6	MGAT4A
2.58403819843961e-09	0.742480486708706	0.267	0.193	8.70665830582244e-05	c6	TMEM14B
2.79650417439052e-09	0.517864332655134	0.424	0.349	9.42254116519142e-05	c6	SCAF11
3.09060911056675e-09	0.484804717297638	0.444	0.372	0.000104134983371436	c6	DHRS7
3.6156989161459e-09	3.17867848418571	0.015	0.002	0.00012182735928062	c6	ENPP5
3.67827288086369e-09	2.27984048993515	0.034	0.01	0.000123935726447821	c6	MIR22HG
3.706891460024e-09	3.55786451080628	0.011	0.001	0.000124900000854049	c6	RAB6B
4.10915327555271e-09	0.909640700596513	0.211	0.143	0.000138453810466473	c6	HDDC2
4.11154190353211e-09	0.495656580433197	0.317	0.232	0.000138534292897611	c6	TYMP
4.16125668060089e-09	1.19341177811619	0.132	0.077	0.000140209382596166	c6	C21orf59
4.17071995851641e-09	0.79415956243611	0.262	0.191	0.000140528238282252	c6	ARL6IP6
4.31112057641498e-09	1.43962413055348	0.077	0.035	0.000145258896701726	c6	LINC01137
4.50582912180925e-09	0.677958191369048	0.318	0.243	0.000151819406430241	c6	TBC1D10C
4.57627019307626e-09	1.04067820942406	0.166	0.105	0.000154192847885511	c6	RDH14
4.58480672340831e-09	0.515892238245381	0.411	0.337	0.00015448047773852	c6	PSMB3
4.68775641448736e-09	1.90943160168643	0.039	0.013	0.000157949264629737	c6	MPP5
4.70387690297715e-09	1.44036063162938	0.095	0.048	0.000158492428368912	c6	ISYNA1
4.70759225538568e-09	0.661587786174722	0.32	0.243	0.000158617613452965	c6	NUCB2
4.72351925113728e-09	0.36952230808736	0.499	0.416	0.000159154257647819	c6	RBX1
4.7328758754707e-09	0.50429067893777	0.368	0.287	0.00015946951974811	c6	TUBB4B
4.82846185097259e-09	0.351300492490288	0.528	0.443	0.00016269019360667	c6	ATP5J2
4.9979042333204e-09	0.814747474982852	0.286	0.214	0.000168399385237498	c6	HMHA1
5.18820543037848e-09	0.956354710566586	0.17	0.107	0.000174811393771173	c6	PCID2
5.30547454405189e-09	1.05827275955994	0.155	0.095	0.000178762659287285	c6	TMEM204
5.38571979305992e-09	1.18234174024004	0.108	0.058	0.000181466442707361	c6	SLC39A10
5.50975493251788e-09	0.893217337445394	0.208	0.141	0.000185645682696257	c6	ITGB7
5.60729405443483e-09	1.53945425958271	0.077	0.036	0.000188932165870127	c6	TNFAIP8L2
5.64434756712154e-09	1.50150183359055	0.071	0.031	0.000190180646926593	c6	C21orf2
5.72706904629492e-09	0.408928378016761	0.503	0.419	0.000192967864445861	c6	IRF1
5.9030356733301e-09	0.528353776809986	0.376	0.3	0.000198896883977184	c6	MYEOV2
5.9605970110366e-09	0.911953657075272	0.193	0.127	0.000200836355689867	c6	NCBP2-AS2
6.45027403862475e-09	1.94500014128863	0.037	0.011	0.000217335533457422	c6	SLC35C1
6.6305761682825e-09	4.09634900987226	0.009	0.001	0.00022341063341411	c6	PACSIN1
6.63970287182455e-09	1.04172702701327	0.15	0.091	0.000223718148563256	c6	SETD3
6.69720291150443e-09	0.856038575184828	0.224	0.157	0.00022565555490023	c6	TMEM43
6.84693363275212e-09	0.576101450606536	0.359	0.288	0.00023070058182195	c6	ATP6AP2
8.90483431502661e-09	0.985855454239596	0.192	0.129	0.000300039487410507	c6	NDUFA8
8.9888066133301e-09	0.7863566162878	0.274	0.201	0.000302868850029544	c6	AHNAK
9.08275633843938e-09	0.993323300262303	0.14	0.082	0.000306034392067377	c6	PLEKHA1
9.16818969219974e-09	0.386957870418934	0.605	0.541	0.000308912983488978	c6	PLP2
1.00748573826572e-08	0.805088734476795	0.226	0.157	0.000339462244651253	c6	BLOC1S4
1.02032133394906e-08	1.02435060265367	0.165	0.105	0.000343787070260795	c6	ARL2
1.03298331969793e-08	0.139377729271349	0.957	0.895	0.000348053399739021	c6	MYL6
1.04260925829353e-08	0.172829930166525	0.792	0.703	0.000351296763489423	c6	CRIP1
1.08552643552944e-08	1.27883749481418	0.13	0.076	0.000365757277187291	c6	TBCD
1.09687765423877e-08	0.469679886818084	0.47	0.404	0.000369581956819213	c6	N4BP2L2
1.11954073581481e-08	0.586266467833396	0.378	0.299	0.000377218055525443	c6	CD63
1.13004571304053e-08	1.09718955050352	0.131	0.076	0.000380757602551877	c6	SLC52A2
1.26871996568456e-08	0.746759170698773	0.335	0.264	0.000427482505237754	c6	LGALS3
1.36634487862246e-08	0.525307478437894	0.38	0.307	0.000460376243403051	c6	ARPC5L
1.39858015603739e-08	0.789711978327729	0.243	0.176	0.000471237597775237	c6	OSBPL8
1.46625424656223e-08	1.33324123408232	0.072	0.033	0.000494039705836679	c6	PMEPA1
1.4918353437009e-08	0.81523519766157	0.226	0.16	0.000502659000706581	c6	RPA2
1.49200867382332e-08	1.71947836497493	0.054	0.022	0.00050271740255803	c6	NAGPA
1.58476727805331e-08	0.458438365418189	0.488	0.415	0.000533971486667281	c6	HCLS1
1.69643164515384e-08	1.57114814862211	0.061	0.026	0.000571595678518133	c6	BBS2
1.86618358409416e-08	0.826405245738363	0.232	0.165	0.000628791896824687	c6	EIF2AK2
1.91807531784609e-08	0.316965140368395	0.677	0.639	0.000646276297595061	c6	ERP29
1.97595960777557e-08	4.92218013370803	0.006	0	0.000665779830243899	c6	KCNJ14
2.00554551609539e-08	0.674657111491764	0.313	0.247	0.00067574850619318	c6	SDHD
2.03301462806523e-08	1.14097608432226	0.142	0.087	0.0006850039487803	c6	GRN
2.10043394552611e-08	1.56466544943263	0.043	0.015	0.000707720213605567	c6	IGFBP3
2.27074968020633e-08	0.941126051085231	0.192	0.13	0.000765106397248721	c6	APOA1BP
2.32195338642054e-08	0.601257315258566	0.33	0.262	0.000782358974020537	c6	MRPL34
2.39879058740368e-08	0.718218628171419	0.299	0.233	0.000808248500519796	c6	RNH1
2.40236665242665e-08	1.16415831671179	0.124	0.072	0.000809453419868634	c6	GNPTG
2.42508944899614e-08	1.23498860020508	0.122	0.071	0.00081710963894476	c6	FLYWCH2
2.59579988649178e-08	0.908000243688521	0.187	0.125	0.000874628813754542	c6	TSSC4
2.74846261813796e-08	3.17319287139275	0.01	0.001	0.000926066994555405	c6	TRBJ2-2
2.77171867611899e-08	0.770652218509589	0.24	0.173	0.000933902890731534	c6	MVP
2.79888271735607e-08	0.413328834656834	0.436	0.358	0.000943055542785955	c6	BAX
2.83083253378365e-08	2.56575731106027	0.018	0.003	0.000953820713933064	c6	PRSS23
3.03098676016035e-08	1.03567666775479	0.102	0.054	0.00102126067896843	c6	PLEK
3.12470355802705e-08	1.03525812988265	0.136	0.082	0.00105283761684164	c6	PHKG2
3.3108956079532e-08	0.717004797593366	0.29	0.221	0.00111557316614375	c6	SUMO3
3.33278319889733e-08	0.851985465638381	0.202	0.139	0.00112294797103647	c6	MIF4GD
3.40979044284086e-08	0.978804878095411	0.198	0.138	0.0011488947918108	c6	LYPLA2
3.47067197238936e-08	0.541074874989034	0.353	0.284	0.00116940821437687	c6	PSAP
3.76527004552412e-08	0.720509515777588	0.27	0.205	0.0012686700891389	c6	LAMTOR1
4.02696392201343e-08	0.506851562597591	0.344	0.266	0.0013568452238832	c6	PARP8
4.21746809483381e-08	0.398176299760762	0.502	0.433	0.0014210336998733	c6	GSTK1
4.22396410168108e-08	1.323456949202	0.078	0.038	0.00142322246442042	c6	TRBV27
4.42229364158184e-08	4.06866283506349	0.008	0.001	0.00149004761959458	c6	RP11-326G21.1
4.60130276032928e-08	1.16055526642107	0.102	0.055	0.00155036295206535	c6	DDX60
4.62446396752394e-08	1.05336500956219	0.131	0.078	0.00155816688921752	c6	MED19
4.62581443086142e-08	0.820283251959084	0.213	0.148	0.00155862191433445	c6	S100PBP
4.72056766850216e-08	0.496520996061125	0.409	0.339	0.00159054807022512	c6	SHISA5
4.85118738162136e-08	0.30244362151743	0.614	0.551	0.0016345590763635	c6	ATP6V0E1
5.19030921501231e-08	2.89137953225821	0.011	0.001	0.00174882278690625	c6	AC015849.2
5.20076274298485e-08	0.891584199082643	0.195	0.134	0.00175234499862131	c6	ARRDC1
5.37378682636721e-08	1.71682185933485	0.026	0.007	0.00181064373327617	c6	PTGDR
5.425232740169e-08	1.23842660365635	0.091	0.047	0.00182797791947254	c6	LINC01138
5.67912871919577e-08	1.61568107047207	0.043	0.016	0.00191352563064582	c6	ACRC
5.70525226672066e-08	1.8675214312094	0.066	0.03	0.00192232769874886	c6	TRAV38-2DV8
5.70630137924428e-08	1.15823457317907	0.108	0.061	0.00192268118672257	c6	ZNF32
5.7741009051568e-08	1.00594968249159	0.154	0.098	0.00194552555898353	c6	C14orf1
5.81511976064149e-08	0.775780032267755	0.218	0.155	0.00195934645215054	c6	TSEN34
6.16781612807497e-08	0.98909353987618	0.187	0.128	0.00207818396619358	c6	POLE3
6.56560855805152e-08	0.782712370454869	0.228	0.16	0.00221221614754988	c6	MX1
6.64043005531413e-08	0.699464264381533	0.23	0.162	0.00223742650283754	c6	ABI3
7.84486678163997e-08	0.29186372505442	0.649	0.574	0.00264324941340577	c6	ATP5I
8.03538798848514e-08	6.91361266410398	0.004	0	0.00270744362884018	c6	C1orf115
8.03538798848514e-08	6.42460344211784	0.004	0	0.00270744362884018	c6	RP3-486I3.5
8.03538798848514e-08	6.02519716476532	0.004	0	0.00270744362884018	c6	UPK3B
8.03538798848514e-08	6.79656985682423	0.004	0	0.00270744362884018	c6	CTB-91J4.1
8.13528445858288e-08	0.632305994474567	0.294	0.227	0.00274110274547492	c6	NUTF2
8.22887289872995e-08	0.688212485293107	0.275	0.208	0.00277263643449807	c6	METTL23
8.2934540792413e-08	1.0021410116382	0.178	0.121	0.00279439641745956	c6	CEBPZOS
8.55718386838993e-08	0.850680751966012	0.18	0.121	0.0028832575326153	c6	C1orf174
9.47760734066099e-08	0.954364334454715	0.141	0.087	0.00319338501736231	c6	YPEL3
1.00847614804393e-07	0.974790078541917	0.116	0.066	0.00339795953321923	c6	FYCO1
1.06282215045033e-07	0.47719421319425	0.465	0.406	0.00358107295372733	c6	CAMK4
1.21321737009329e-07	0.696949100769138	0.259	0.195	0.00408781460679233	c6	TRADD
1.25650391104291e-07	0.468391907093118	0.434	0.366	0.00423366427786799	c6	REEP5
1.30019372964143e-07	0.189577139873241	0.797	0.728	0.00438087275265385	c6	CD3D
1.39964139329546e-07	0.326219226077388	0.547	0.494	0.00471595171056971	c6	SEC62
1.47819797669326e-07	0.629174481538877	0.279	0.213	0.00498064026267027	c6	PCMTD1
1.4970591571145e-07	1.20132476488649	0.103	0.058	0.00504419112398159	c6	ATP2A3
1.52759872228857e-07	3.07144162989163	0.011	0.002	0.00514709113487912	c6	LILRB1
1.54017031003481e-07	0.263222544766402	0.535	0.443	0.0051894498426313	c6	TSPO
1.57493313237593e-07	0.792296967335985	0.219	0.159	0.00530657969622746	c6	NUDT5
1.62627937619339e-07	1.54891549198248	0.049	0.02	0.00547958573014602	c6	MXRA7
1.65193887991645e-07	0.893892371135104	0.178	0.12	0.0055660428619905	c6	RP11-47L3.1
1.70953079749117e-07	0.752214914478669	0.238	0.178	0.00576009306906675	c6	ZMYM6NB
1.72698108300801e-07	1.32575378231715	0.088	0.047	0.0058188900610872	c6	PSMG4
1.81287975875849e-07	1.08407274788109	0.105	0.059	0.00610831705916087	c6	TRBV9
1.84439476665098e-07	1.24710441944751	0.11	0.064	0.00621450372675381	c6	C20orf27
1.88268439735324e-07	0.870916299277906	0.198	0.139	0.00634351680844202	c6	RNF168
1.89970153160401e-07	0.933053502365683	0.173	0.117	0.00640085434058657	c6	DALRD3
1.90008680702624e-07	1.42758180239586	0.048	0.019	0.00640215248759421	c6	PLEKHB1
1.94798134455177e-07	0.832427580984551	0.207	0.148	0.00656352834233273	c6	MYCBP
2.08865197221603e-07	0.504772506656734	0.359	0.294	0.00703750395518469	c6	ZNHIT1
2.14772015527302e-07	1.22229582833897	0.055	0.024	0.00723652829117691	c6	GALNT3
2.2998277616763e-07	0.812275869018402	0.232	0.173	0.00774903966019213	c6	MFNG
2.30156205143078e-07	1.2837027076344	0.103	0.059	0.00775488317609085	c6	STUB1
2.60497748578802e-07	0.523160801996304	0.349	0.279	0.00877721114061415	c6	TTC39C
2.60724280001438e-07	0.780717644157993	0.212	0.152	0.00878484389036844	c6	TBC1D5
2.7660794682027e-07	1.36025387904641	0.086	0.046	0.00932002816016216	c6	PIP4K2A
2.77138290088587e-07	4.87884153753881	0.006	0	0.00933789754624486	c6	GPR157
2.78559324425088e-07	0.461594669795643	0.441	0.384	0.0093857778771789	c6	HNRNPUL1
2.85910332236531e-07	0.865619623222702	0.173	0.117	0.00963346273437768	c6	CTR9
2.89415131333991e-07	1.6606100425096	0.037	0.013	0.00975155343516749	c6	CA11
2.90572397471345e-07	1.0927601582799	0.142	0.091	0.0097905463603995	c6	CD320
3.00574832638432e-07	0.396782826242043	0.43	0.356	0.0101275684109193	c6	IL2RB
3.02008649047192e-07	2.62085254800409	0.024	0.007	0.0101758794209961	c6	TP53I11
3.04980631693733e-07	3.51017385542464	0.008	0.001	0.0102760174042886	c6	PRR29-AS1
3.11304261790853e-07	1.50929191312206	0.061	0.028	0.010489085796781	c6	SYNM
3.17602855320827e-07	0.308846923325193	0.671	0.619	0.0107013106071799	c6	HNRNPF
3.18752205236301e-07	1.56999274534979	0.043	0.017	0.0107400368032319	c6	NME4
3.2087037174364e-07	1.12188164604845	0.132	0.083	0.0108114063055302	c6	SDAD1
3.25468349913357e-07	0.72744271620681	0.203	0.143	0.0109663305819807	c6	ACD
3.3856700119971e-07	0.928221395633096	0.194	0.137	0.011407676538423	c6	PARP14
3.74001499757946e-07	0.700459833980806	0.296	0.236	0.0126016065328442	c6	RASAL3
3.81441316129325e-07	3.32414204855882	0.013	0.002	0.0128522837056615	c6	KLRF1
3.95679863608346e-07	0.734786836398035	0.218	0.157	0.0133320373244196	c6	LUZP1
4.06852717329231e-07	1.0748275936842	0.12	0.073	0.0137084954576911	c6	L3MBTL3
4.12397048948188e-07	1.36719021798415	0.082	0.044	0.0138953061672602	c6	SPRYD3
4.16378226524823e-07	0.76885537475498	0.214	0.156	0.0140294479645274	c6	OGFR
4.38392773691665e-07	0.205182588897236	0.812	0.76	0.014771206116767	c6	COX6A1
4.43616900616313e-07	1.03932157494705	0.144	0.093	0.0149472278493661	c6	C15orf40
4.45023692230919e-07	2.04843145637834	0.03	0.01	0.0149946282860286	c6	TDRD7
4.5106025168716e-07	2.42220311435383	0.021	0.006	0.0151980241203472	c6	ZNF354C
4.52934871044942e-07	1.98170028991691	0.032	0.011	0.0152611875449883	c6	CEP162
4.57905890803104e-07	1.7625666475264	0.037	0.013	0.0154286810847198	c6	POMGNT1
4.61882986391395e-07	0.6995412650591	0.282	0.224	0.0155626853434717	c6	ADK
4.62682944380084e-07	1.58197013726393	0.034	0.012	0.0155896391279425	c6	RAPGEF2
4.96685546714816e-07	1.49901000020645	0.044	0.018	0.016735322811009	c6	ZCCHC18
5.24552274071867e-07	0.867128256115874	0.154	0.101	0.0176742643225775	c6	SELM
5.77350856370983e-07	1.27509917503158	0.074	0.038	0.0194532597545639	c6	NBPF19
5.82129213892694e-07	0.529024768103774	0.351	0.295	0.0196142617329004	c6	FAM49B
5.82256507399947e-07	1.44715422724164	0.057	0.026	0.0196185507603338	c6	GAB3
6.01957683968289e-07	0.493990111449864	0.346	0.284	0.0202823622036275	c6	TMEM219
6.1255582236408e-07	2.09473342893965	0.023	0.006	0.0206394558787353	c6	TCF7L2
6.22233585321584e-07	1.65486388605037	0.053	0.024	0.0209655384238254	c6	GFOD2
6.28649129338103e-07	0.268188551309253	0.718	0.679	0.021181703763918	c6	SON
6.34029561159645e-07	1.13796040352235	0.082	0.044	0.0213629920337131	c6	FAM120B
6.45136120215002e-07	1.11572775568173	0.106	0.062	0.0217372164345243	c6	BID
6.59895412479722e-07	1.71008302945015	0.044	0.018	0.0222345160280917	c6	TUBB4A
6.66246427930169e-07	0.523568306857046	0.435	0.388	0.0224485071426791	c6	KIAA1551
6.71149006738558e-07	0.936069119355148	0.17	0.117	0.022613694633049	c6	CHD9
6.7627056216461e-07	1.11431659877514	0.086	0.046	0.0227862603215744	c6	ARHGAP12
7.28162770827392e-07	0.164511364374759	0.957	0.951	0.0245347164002582	c6	HINT1
7.31769267678849e-07	0.487207252495519	0.375	0.311	0.0246562337051711	c6	GCHFR
7.51356246418967e-07	0.666226441282328	0.228	0.169	0.0253161973668407	c6	ODF2L
7.75525621089511e-07	0.811738464241325	0.209	0.154	0.02613056027699	c6	FAM32A
7.77162864966228e-07	3.68221113427732	0.009	0.001	0.0261857255721721	c6	ZNF396
7.78036684568787e-07	0.335222843093403	0.565	0.523	0.0262151680498607	c6	APRT
7.92802280315747e-07	1.151792001523	0.097	0.056	0.0267126800329588	c6	BRAT1
8.07865087278427e-07	1.17607365116737	0.105	0.062	0.0272202062507593	c6	IDH3A
8.20296067858894e-07	0.121170501668199	0.591	0.525	0.0276390557104376	c6	TUBA1B
8.21189200351507e-07	1.15351785569193	0.098	0.056	0.0276691489166437	c6	TNIP3
8.23043895094656e-07	0.93974274968872	0.16	0.109	0.0277316410013193	c6	ARF3
8.35698547273437e-07	1.99306302876091	0.029	0.01	0.0281580268518312	c6	STK3
8.53410392747616e-07	2.67654107141217	0.015	0.003	0.0287548097732382	c6	CD3EAP
8.75020662065288e-07	0.405919889139666	0.472	0.414	0.0294829461876278	c6	TUFM
8.80499280481402e-07	1.05770179851187	0.111	0.066	0.0296675427565404	c6	PTPRE
8.93991431506816e-07	0.617656451507375	0.284	0.223	0.0301221472931906	c6	COPS6
8.96716511297826e-07	0.361033216320347	0.468	0.405	0.030213966131669	c6	WDR1
9.02216355570542e-07	2.43101941239338	0.019	0.005	0.0303992778845938	c6	HYAL2
9.02813467453338e-07	1.06627913051939	0.107	0.063	0.0304193969723728	c6	CLCN3
9.13006461236956e-07	0.771998712105538	0.203	0.147	0.030762839704918	c6	THUMPD3-AS1
9.32983120349186e-07	1.98334016482577	0.023	0.006	0.0314359332570455	c6	CCR2
9.48652515408538e-07	1.63324135018486	0.047	0.02	0.0319638978541753	c6	ENG
9.75826866565348e-07	1.02138059542104	0.132	0.085	0.0328795104420528	c6	CAPN1
9.96032024092543e-07	0.667879816378656	0.286	0.231	0.0335603030197742	c6	CD46
1.03873852934236e-06	0.184624675095163	0.9	0.846	0.0349992560076614	c6	ARPC2
1.04561652212429e-06	1.31583235381337	0.082	0.045	0.0352310030964557	c6	ZNF195
1.04587657735595e-06	0.650729732132774	0.3	0.244	0.0352397653974314	c6	TNRC6B
1.0552945581255e-06	0.780529518120289	0.277	0.215	0.0355570948414806	c6	KLRD1
1.08263307568231e-06	1.23287306259942	0.108	0.066	0.0364782388520396	c6	BORCS7
1.10407222048616e-06	1.6428025043669	0.045	0.019	0.0372006093970607	c6	CACNB3
1.13742382895098e-06	1.00109721563024	0.145	0.096	0.0383243584926744	c6	DCTN1
1.14336945613581e-06	0.16479965240862	0.957	0.932	0.0385246904550398	c6	TMA7
1.1496452595312e-06	0.998873964682283	0.061	0.029	0.0387361473746443	c6	TNFSF14
1.16239024731405e-06	1.07902225617401	0.101	0.059	0.0391655769929994	c6	FLAD1
1.19316333609868e-06	0.726927395902272	0.245	0.188	0.0402024454465089	c6	TMEM147
1.28065014411202e-06	0.62103468525356	0.271	0.211	0.0431502259557104	c6	HSPB11
1.32271598625453e-06	0.581505677787023	0.327	0.274	0.0445675924408602	c6	NDUFB6
1.32514176795124e-06	0.4181247108402	0.479	0.429	0.0446493267293491	c6	GTF3A
1.33496887059942e-06	1.18188632866911	0.084	0.047	0.044980441125977	c6	DUSP22
1.34836563523621e-06	0.516976177054917	0.34	0.275	0.0454318317136489	c6	HMGN3
1.35450047730114e-06	0.798927187088474	0.189	0.133	0.0456385390821846	c6	TMEM50B
1.37177371656346e-06	1.17590087689845	0.092	0.052	0.0462205436058891	c6	THEMIS2
