p_val	avg_log2FC	pct.1	pct.2	p_val_adj	cluster	gene
1.05601555183737e-201	0.987382257091472	1	0.97	3.55813880036082e-197	c2	MT-CO2
3.81676987577121e-189	1.08567251973788	0.998	0.903	1.28602244194235e-184	c2	MT-ND3
4.31479989452859e-161	0.8500279625293	0.999	0.963	1.45382867646246e-156	c2	MT-ATP8
4.55187787211319e-156	0.919884922475736	0.995	0.944	1.53370973022982e-151	c2	MT-CO3
6.78553307424316e-131	0.747251146367561	0.999	0.971	2.28631751403549e-126	c2	MT-ND4L
1.81974085605874e-120	0.893733143042507	0.987	0.907	6.13143484040433e-116	c2	MT-CYB
7.04759337573742e-112	0.891999946495361	0.962	0.825	2.37461611202097e-107	c2	MT-ND1
1.87360089414185e-111	0.603103704236395	1	0.985	6.31291085272155e-107	c2	MT-CO1
1.82385931945717e-110	0.689801076586036	1	0.968	6.145311590979e-106	c2	MT-ATP6
1.5784210539321e-109	1.16664063050668	0.808	0.499	5.31833189911882e-105	c2	IL7R
1.0045546880489e-85	0.776179325013307	0.988	0.975	3.38474656591196e-81	c2	PABPC1
3.82561289431825e-79	1.56565638636783	0.39	0.156	1.28900200861159e-74	c2	ITM2C
2.66313692716305e-76	0.625361138921812	0.66	0.377	8.97317356238317e-72	c2	ANXA1
1.34274720923965e-72	1.55967994258888	0.383	0.155	4.52425244681207e-68	c2	GZMK
2.23544435358451e-71	1.13137268554767	0.63	0.382	7.53210620496765e-67	c2	GIMAP7
2.58273828374471e-70	0.478060819315895	0.996	0.989	8.70227837324942e-66	c2	RPS16
6.12899732646962e-68	1.23619090552815	0.521	0.283	2.06510435918067e-63	c2	GIMAP1
7.02748892342078e-68	1.24415746147557	0.572	0.35	2.3678421178574e-63	c2	PDCD4
3.71025392730866e-63	1.38958792230783	0.432	0.214	1.25013295826738e-58	c2	TC2N
9.99482777973592e-63	1.69295899178289	0.33	0.138	3.36765727210422e-58	c2	FAM102A
1.62505683872062e-61	0.694886142288953	0.825	0.63	5.47546651238527e-57	c2	RABAC1
2.58590529062827e-59	4.1587438553366	0.064	0.005	8.71294928624289e-55	c2	DKK3
1.14983942714465e-58	0.345963003866126	0.999	0.994	3.87426896582118e-54	c2	RPLP0
1.9436735955061e-58	0.672736764283908	0.928	0.811	6.54901381269827e-54	c2	MT-ND2
1.28875006161984e-57	0.621777010332529	0.909	0.802	4.34231445762188e-53	c2	S100A10
9.08713342770808e-57	1.55171905664004	0.289	0.113	3.06181873713196e-52	c2	S1PR1
7.50747600119541e-56	0.59080138817674	0.839	0.584	2.52956896384278e-51	c2	CD8A
7.63896069551525e-56	0.782303610520936	0.781	0.543	2.57387141674691e-51	c2	CD8B
1.02559975132761e-55	0.267965207728572	1	0.999	3.45565580212325e-51	c2	RPS19
3.62621829648524e-55	0.431093635389403	0.985	0.93	1.22181799281774e-50	c2	PTPRC
8.41371572416656e-55	0.957985918922207	0.654	0.455	2.83491737610068e-50	c2	S100A11
1.24464149020994e-52	0.674349561308317	0.808	0.653	4.19369503711338e-48	c2	ITM2B
1.57681624911703e-52	1.34901875273933	0.391	0.202	5.31292466977492e-48	c2	CCDC109B
9.85220558880082e-52	1.10825226376022	0.514	0.312	3.31960215109055e-47	c2	SLFN5
5.17576105120843e-50	1.24187807294574	0.405	0.215	1.74392092859417e-45	c2	MGST3
3.97272265101415e-48	1.31028409079977	0.416	0.23	1.33856917003271e-43	c2	MT-ND6
2.17854243519734e-47	0.518376481840632	0.915	0.779	7.3403808811539e-43	c2	CD99
2.04720968638108e-46	1.54135681662817	0.295	0.133	6.89786831729243e-42	c2	CXCR3
4.02827709775049e-46	1.67069316379269	0.451	0.271	1.35728768531605e-41	c2	GNLY
6.37641137882087e-46	1.10310463529129	0.482	0.292	2.1484680499799e-41	c2	ABLIM1
1.84598027781155e-43	0.900688521152296	0.518	0.33	6.21984594805824e-39	c2	TXNIP
2.72225174407079e-43	0.594433632106037	0.897	0.818	9.17235502647213e-39	c2	MT-ND5
2.11735492871362e-42	0.538252092869605	0.874	0.716	7.13421569680767e-38	c2	CYBA
7.50868857677933e-42	0.975925259006892	0.361	0.183	2.52997752906003e-37	c2	LYAR
1.1564260723492e-40	0.741015419103399	0.641	0.464	3.8964620081734e-36	c2	GABARAPL2
2.20149353558661e-39	0.365625908858187	0.972	0.916	7.41771231880551e-35	c2	SH3BGRL3
7.36370428447994e-39	1.46329322020337	0.287	0.14	2.48112652161267e-34	c2	LINC00869
7.96763196895759e-38	0.733337760727906	0.59	0.406	2.68461391562057e-33	c2	ITGA4
8.01777798306853e-38	0.730697084538708	0.634	0.469	2.70151011361511e-33	c2	MRPS6
2.40364769447721e-37	0.617715594232066	0.719	0.552	8.09885054177149e-33	c2	UQCR11
1.03758159227384e-36	0.720176370466594	0.669	0.503	3.49602741700748e-32	c2	RNF213
1.04774531382046e-36	2.17733425612181	0.146	0.048	3.53027306038665e-32	c2	C1orf21
3.49835467174717e-34	0.322220101228408	0.874	0.731	1.17873562309849e-29	c2	CXCR4
6.63053914493498e-34	0.208684736280741	0.999	0.997	2.23409385949439e-29	c2	RPL14
2.05347513798812e-33	0.199371315004488	0.998	0.998	6.91897912993718e-29	c2	RPS3
3.43716999242399e-33	0.627526191127943	0.637	0.471	1.15812005724734e-28	c2	GIMAP4
5.15799543054815e-33	2.03222033371121	0.127	0.041	1.73793498036889e-28	c2	SMIM3
9.67238489632776e-33	0.607505667283905	0.697	0.563	3.25901336696868e-28	c2	CIB1
5.60639443672601e-32	2.24774941497398	0.146	0.053	1.88901854151046e-27	c2	KLRC1
8.76277247578766e-32	1.01109779598655	0.377	0.224	2.95252855799189e-27	c2	TGIF1
1.98145837431328e-31	0.464891919289142	0.837	0.718	6.67632584641117e-27	c2	MYL12A
2.65546676460257e-31	1.22505317210316	0.26	0.13	8.94732971665191e-27	c2	GIMAP5
1.00095574804562e-30	1.54241593465091	0.228	0.11	3.37262029746493e-26	c2	FLOT1
3.45633111985913e-30	0.359397450728712	0.877	0.783	1.16457620752534e-25	c2	HMGB1
3.05847404541252e-29	1.11821979308744	0.293	0.16	1.0305222448613e-24	c2	STOM
3.45514927044478e-29	0.17627424159875	0.998	0.998	1.16417799518366e-24	c2	RPS27A
3.54195514593363e-29	0.471235679500842	0.712	0.529	1.19342636687088e-24	c2	ARPC1B
6.80212751993316e-29	1.01328336188776	0.369	0.232	2.29190884656628e-24	c2	EPB41
8.15561404989356e-29	0.687988707705837	0.641	0.513	2.74795259797114e-24	c2	CD6
8.35545820514476e-29	0.62126659493448	0.673	0.525	2.81528808764147e-24	c2	FYN
1.85554338353281e-28	3.42595411670489	0.04	0.005	6.25206787647545e-24	c2	RP11-357H14.17
2.30227093888115e-28	0.961070655733454	0.425	0.286	7.75727170146614e-24	c2	AKNA
4.84947016022245e-28	0.170956382392529	0.999	0.999	1.63398047578535e-23	c2	HLA-B
6.36944824235862e-28	1.5569169071071	0.154	0.061	2.14612189078031e-23	c2	LINC00623
7.06631078129445e-28	0.234276730008242	0.963	0.875	2.38092275464935e-23	c2	ZFP36L2
7.17433327609287e-28	2.28634484989473	0.085	0.023	2.41731985404673e-23	c2	CRIP2
9.27263041913346e-28	1.10984582322304	0.247	0.123	3.12432009342283e-23	c2	SORL1
1.57395322435433e-27	1.40904051677056	0.227	0.113	5.30327799413949e-23	c2	AOAH
1.82967821659264e-27	0.814296950889487	0.439	0.298	6.16491778298725e-23	c2	PRDX2
3.52948296596467e-27	0.748155332346116	0.489	0.348	1.18922399055214e-22	c2	IL10RA
4.63184734807468e-27	1.01296005076044	0.292	0.16	1.56065464546028e-22	c2	TCF7
5.95085315881639e-27	0.204194425548431	0.998	0.993	2.0050804633316e-22	c2	RPL3
1.60772353779923e-26	0.710918925260138	0.502	0.362	5.41706368826074e-22	c2	TAPBP
1.16411062865072e-25	1.12435939329002	0.296	0.175	3.92235435217573e-21	c2	C4orf48
1.52211216686175e-25	1.75046687805441	0.12	0.043	5.12860473502398e-21	c2	SMIM14
2.02428017830686e-25	0.801173485190819	0.429	0.286	6.82060963278713e-21	c2	GSTP1
2.59058726703e-25	0.545642238949311	0.632	0.489	8.72872473753087e-21	c2	UQCR10
3.61311668811074e-25	1.05063938729869	0.319	0.197	1.21740353689203e-20	c2	TMEM160
3.65616261853657e-25	1.70290970125359	0.162	0.071	1.23190743268971e-20	c2	STMN3
5.93998745836443e-25	0.761037145072661	0.321	0.184	2.00141937422131e-20	c2	CCR7
6.5291508700254e-25	0.146752136076124	0.999	0.998	2.19993209414636e-20	c2	RPL13
8.49007322623736e-25	0.789707104834301	0.449	0.321	2.86064527284842e-20	c2	NDUFB2
1.16414244855255e-24	1.71427673928474	0.125	0.047	3.92246156615297e-20	c2	GLIPR2
2.39050457382788e-24	0.67617783111826	0.533	0.408	8.05456611105565e-20	c2	NEDD8
2.40830563860482e-24	0.158547140696126	0.998	0.997	8.11454501871508e-20	c2	RPS14
7.8753137101391e-24	2.08102947544543	0.076	0.021	2.65350820149427e-19	c2	NSG1
1.04790087731255e-23	0.420761477352982	0.771	0.657	3.53079721601692e-19	c2	UBL5
1.32499299287238e-23	0.699920021118941	0.483	0.35	4.4644313901842e-19	c2	RGCC
2.20394789643165e-23	0.741061192601901	0.422	0.285	7.42598204223681e-19	c2	APOBEC3G
2.272469033683e-23	0.86020457309233	0.415	0.286	7.65685716209151e-19	c2	ANXA2
2.64932224067017e-23	0.169170218501097	0.998	0.998	8.92662635771408e-19	c2	RPL7A
4.0229368566753e-23	0.683208731626376	0.519	0.395	1.35548834448818e-18	c2	SYNE2
5.09648428638924e-23	0.591827752715067	0.578	0.46	1.71720941545599e-18	c2	NDUFA3
5.16835596622083e-23	1.46560240870595	0.196	0.099	1.74142585925845e-18	c2	PTK2B
1.03235861791618e-22	1.81604636880104	0.096	0.032	3.47842912720676e-18	c2	CD300A
1.22622383263852e-22	0.724097255799331	0.457	0.329	4.13163858169224e-18	c2	DYNLT1
2.41359990214077e-22	1.57931694261584	0.168	0.08	8.1323835102731e-18	c2	AIM2
2.63687437507838e-22	1.23059696111616	0.203	0.103	8.8846845193891e-18	c2	LYSMD2
3.38446555217212e-22	1.17543275232833	0.197	0.099	1.14036182314887e-17	c2	SNAI3
3.71817695199249e-22	0.567982245207905	0.564	0.428	1.25280254220435e-17	c2	PRDX1
4.46042888679992e-22	1.86583980807633	0.111	0.042	1.50289690911836e-17	c2	TSPAN2
4.86171803612685e-22	0.136905596700282	0.999	0.998	1.63810727509258e-17	c2	RPS12
1.85242990901141e-21	0.828256263786689	0.377	0.26	6.24157733542305e-17	c2	MRPL41
2.33911305444921e-21	1.41427955076491	0.179	0.087	7.88140752566116e-17	c2	CLIC3
2.92125805039959e-21	0.615987069710813	0.451	0.324	9.84288687501637e-17	c2	UPP1
3.89894349231277e-21	0.323146883168993	0.877	0.786	1.31371002029987e-16	c2	CALM1
5.36451709805887e-21	0.606892184764517	0.568	0.462	1.80752039101995e-16	c2	MBP
9.15225370948363e-21	0.424000229076982	0.869	0.794	3.08376036487341e-16	c2	S100A6
1.33862339988644e-20	0.475322422064755	0.667	0.55	4.51035768357737e-16	c2	CSTB
1.53447076679118e-20	0.412612434009335	0.659	0.519	5.17024580162619e-16	c2	LCK
1.72066556542312e-20	1.4258294570226	0.165	0.08	5.79761055613667e-16	c2	MX2
2.5397960972506e-20	0.168255810178658	0.998	0.988	8.55758897007619e-16	c2	RPS10
2.66213400768367e-20	0.707372552222473	0.369	0.24	8.96979432548936e-16	c2	GPR183
2.69509883547024e-20	1.30386787634386	0.195	0.104	9.08086601623344e-16	c2	VAT1
4.33759467379709e-20	0.400433482773114	0.652	0.527	1.46150914938919e-15	c2	ANKRD12
4.41525022506062e-20	0.801125215633539	0.31	0.192	1.48767441083192e-15	c2	FAM65B
4.56960866358695e-20	2.20691121050077	0.061	0.016	1.53968394310899e-15	c2	CYB561
5.23348305025751e-20	0.124629928797778	0.999	0.999	1.76336977895377e-15	c2	RPL28
5.67603086565838e-20	1.10254461978491	0.247	0.146	1.91248183987493e-15	c2	RP11-660L16.2
6.17551789898065e-20	0.674119154747786	0.499	0.395	2.08077900088254e-15	c2	PEBP1
7.01949430440068e-20	0.28882970348764	0.89	0.813	2.36514841092477e-15	c2	H3F3A
1.02751824330552e-19	1.12182196386339	0.198	0.105	3.4621199689936e-15	c2	PLAC8
1.02826402548123e-19	0.862622804918357	0.355	0.243	3.46463280745647e-15	c2	P2RY8
1.30874074009887e-19	0.124563638200027	0.999	0.999	4.40967104968915e-15	c2	RPL10
1.72046518628801e-19	0.122766035609735	1	0.999	5.79693539867882e-15	c2	AC090498.1
1.79673728541062e-19	1.37810901309009	0.126	0.054	6.05392660946256e-15	c2	ANTXR2
2.18071994359073e-19	0.744670971501849	0.266	0.155	7.34771777793461e-15	c2	SAMD3
2.65953840866662e-19	0.688154328095594	0.505	0.396	8.96104871416131e-15	c2	ARHGEF1
2.91887838140122e-19	0.347330216806441	0.84	0.719	9.83486881829326e-15	c2	CD2
3.35958816723697e-19	1.45448685744752	0.16	0.078	1.13197963706883e-14	c2	TIMP1
4.31280958074487e-19	0.571070109654567	0.512	0.391	1.45315806013618e-14	c2	NDUFB10
5.20850500920215e-19	0.477951001345717	0.659	0.566	1.75495367780057e-14	c2	RSRP1
7.80571958881975e-19	1.10409356975241	0.231	0.135	2.63005915825693e-14	c2	PRKDC
9.29555011380326e-19	0.608561899550683	0.521	0.407	3.13204265534487e-14	c2	PPP2R5C
1.28694844940751e-18	1.05067739616437	0.344	0.24	4.33624410543365e-14	c2	CMC1
1.86951741238832e-18	0.285724406020496	0.862	0.632	6.2991519693012e-14	c2	CCL5
2.18322841582465e-18	0.129899995757239	0.999	0.999	7.35616982427957e-14	c2	RPS27
2.66231401005576e-18	1.2246422329576	0.196	0.108	8.97040082548189e-14	c2	RAB29
2.72031133321878e-18	1.79173078102025	0.08	0.028	9.16581700614735e-14	c2	PCSK1N
3.27431258354633e-18	0.528759505507976	0.505	0.378	1.1032468819001e-13	c2	PPP1CA
4.26771456965793e-18	0.795544294945491	0.32	0.211	1.43796374710054e-13	c2	GZMM
4.54636610203673e-18	0.987181229071851	0.094	0.035	1.53185259442026e-13	c2	FXYD2
6.68820341620997e-18	0.886655520959059	0.345	0.245	2.25352325905779e-13	c2	RBBP7
9.26294629717681e-18	0.584200482402201	0.552	0.46	3.12105712537075e-13	c2	CD53
1.17896067325942e-17	1.94220449718782	0.071	0.023	3.97239009248028e-13	c2	DUSP14
2.49805652365414e-17	0.228615366800386	0.759	0.637	8.41695165080027e-13	c2	PIK3R1
2.6454030095436e-17	0.806153943205036	0.321	0.217	8.91342090035621e-13	c2	STK38
3.71993658591753e-17	0.117755528725261	1	0.999	1.25339543325905e-12	c2	EEF1A1
4.39517095449552e-17	1.57108919293668	0.078	0.027	1.48090890140772e-12	c2	TPRG1
5.66871459072349e-17	0.608782518839232	0.502	0.398	1.91001669419837e-12	c2	C9orf142
7.28319953888986e-17	0.403276862728294	0.729	0.639	2.45400125263355e-12	c2	EMP3
8.04390302075576e-17	0.768813022369849	0.344	0.244	2.71031268381345e-12	c2	PDCD5
8.06482176329133e-17	0.434109739808101	0.362	0.25	2.71736104492338e-12	c2	HTATIP2
8.34414795855919e-17	0.771362324678864	0.314	0.209	2.81147721315693e-12	c2	SKIL
8.5950058186308e-17	0.548574736099818	0.415	0.298	2.89600126052946e-12	c2	PDE4B
1.38914550522072e-16	0.634166218695324	0.489	0.39	4.68058686529068e-12	c2	ARRB2
1.48269597490811e-16	2.67891040789659	0.034	0.007	4.99579581785538e-12	c2	GRAMD1C
1.55635501877098e-16	1.30097394023893	0.122	0.056	5.24398260024693e-12	c2	PTGER2
1.99486691126697e-16	0.753455817841501	0.373	0.273	6.72150457082293e-12	c2	BTN3A2
2.0111701622199e-16	0.319649355197672	0.751	0.657	6.77643674458373e-12	c2	CALM2
2.14219779541422e-16	0.307889543741641	0.799	0.726	7.21792125186868e-12	c2	GPX4
3.16867905508792e-16	0.306879429350464	0.881	0.839	1.06765472082133e-11	c2	CD44
7.58899694255532e-16	0.28450318787422	0.875	0.833	2.55703662982459e-11	c2	MYL12B
7.83076345850645e-16	0.208612145643417	0.967	0.926	2.63849743970916e-11	c2	HLA-E
8.87835357506992e-16	0.399731272941158	0.683	0.574	2.99147245358406e-11	c2	SEPT9
1.01331052701985e-15	1.30686816878612	0.154	0.082	3.41424848974069e-11	c2	NAE1
1.69227119690608e-15	0.570426341676569	0.482	0.378	5.70193857085536e-11	c2	APMAP
2.84117568287256e-15	1.19492548698684	0.181	0.104	9.57305734587079e-11	c2	MYD88
4.37451206656958e-15	0.876454660870207	0.286	0.197	1.47394809570995e-10	c2	C14orf119
9.12057016426045e-15	1.73428271357053	0.072	0.027	3.07308491114592e-10	c2	PLEKHA5
9.44225643940762e-15	0.636896168381011	0.412	0.315	3.181473884694e-10	c2	OCIAD2
1.28020526754824e-14	0.970753783167777	0.248	0.163	4.31352362847705e-10	c2	TUSC2
1.48445092311871e-14	0.72779783058433	0.367	0.279	5.00170894035618e-10	c2	MEAF6
1.56042254061997e-14	0.408822316488569	0.625	0.537	5.25768770836492e-10	c2	MYH9
1.57105314298278e-14	1.80310217379808	0.047	0.013	5.29350645996618e-10	c2	COL6A2
1.60628697299196e-14	0.721249381710917	0.365	0.276	5.41222332679912e-10	c2	PRMT1
2.1318227549591e-14	1.12208779390546	0.191	0.112	7.18296359055919e-10	c2	EOMES
2.14911461804633e-14	0.118736871123852	0.999	0.995	7.24122679404531e-10	c2	RPL8
2.95249313796833e-14	0.256043582836752	0.766	0.669	9.94813037907047e-10	c2	HNRNPA2B1
3.03596831036518e-14	0.929768303248122	0.208	0.125	1.02293916249444e-09	c2	KLRG1
4.08970068956902e-14	0.743302021726152	0.337	0.244	1.37798375034339e-09	c2	ANXA7
4.15430439744342e-14	1.01975264839605	0.186	0.109	1.39975132367459e-09	c2	GPR132
6.31644352298895e-14	0.977092702794226	0.246	0.163	2.1282624806359e-09	c2	APPL1
6.60093454324504e-14	0.568685873685241	0.464	0.38	2.22411888500098e-09	c2	YWHAQ
8.62112503859991e-14	1.47954821849822	0.109	0.052	2.90480187050585e-09	c2	TRBV7-9
8.80211363438247e-14	0.536587747175478	0.457	0.37	2.96578416796883e-09	c2	PSMA5
8.97821968998588e-14	1.10666923883566	0.152	0.083	3.02512134234384e-09	c2	PERP
1.0005252106808e-13	0.912356946560552	0.227	0.145	3.37116964486788e-09	c2	ADAM8
1.16192217299275e-13	3.32662014166135	0.016	0.002	3.91498056968177e-09	c2	COL6A1
1.30873893690548e-13	0.663827161475548	0.379	0.296	4.40966497400932e-09	c2	MLF2
1.33673423500086e-13	1.15836628440816	0.103	0.047	4.50399233141188e-09	c2	ITGA5
1.60862879876085e-13	2.20109513233843	0.036	0.009	5.42011387454481e-09	c2	AUTS2
2.19634346587141e-13	0.112519628994074	0.998	0.997	7.40035967390712e-09	c2	RPS4X
2.40091306892228e-13	0.780280650847104	0.297	0.211	8.08963649442672e-09	c2	MAGED2
2.6493430171935e-13	0.567532151024044	0.412	0.321	8.92669636213178e-09	c2	POLR2L
2.72575073224337e-13	0.951688400372921	0.146	0.078	9.18414451722081e-09	c2	MATK
2.72635012074686e-13	0.705389438401562	0.332	0.245	9.18616409684448e-09	c2	SIVA1
2.75413329042744e-13	1.42681974123357	0.051	0.016	9.27977670876623e-09	c2	S1PR5
3.05975335098125e-13	2.06651940024956	0.038	0.01	1.03095329407962e-08	c2	GALNT10
3.13124624595815e-13	0.435653863038934	0.556	0.47	1.05504211011314e-08	c2	TECR
3.14795060804638e-13	1.00903157498201	0.201	0.124	1.06067047787515e-08	c2	GALNT11
3.97056232853564e-13	0.598720276241889	0.392	0.304	1.3378412709768e-08	c2	ARPC5L
4.71091939294531e-13	0.468499758514322	0.475	0.382	1.58729718025899e-08	c2	ARPC5
6.33689249186062e-13	0.829630297127914	0.279	0.197	2.13515255620752e-08	c2	FKBP11
7.28119376051963e-13	0.61920813790797	0.266	0.175	2.45332542566948e-08	c2	MGAT4A
8.35711861230662e-13	0.262270332995045	0.656	0.533	2.81584754523059e-08	c2	LY6E
8.74309903656956e-13	1.37653367394974	0.115	0.058	2.94589978938175e-08	c2	DTHD1
9.41719938128365e-13	0.75419744693228	0.267	0.184	3.17303115952971e-08	c2	LRPAP1
1.42656912819872e-12	0.832386527984426	0.246	0.166	4.80668202055278e-08	c2	ATP2B4
1.60358255668918e-12	0.860003924060508	0.243	0.163	5.40311106650853e-08	c2	ARAP2
2.16963924456025e-12	1.14299423658371	0.171	0.104	7.31038247062131e-08	c2	CCDC115
2.34423051548806e-12	0.779614980762408	0.302	0.22	7.89865029888546e-08	c2	STAT4
2.96506502716391e-12	0.478022963352974	0.468	0.379	9.99049010252606e-08	c2	DEK
3.52848479779602e-12	0.417275406488892	0.613	0.538	1.18888766776939e-07	c2	PLP2
3.73914986145263e-12	0.54389423321845	0.42	0.337	1.25986915431785e-07	c2	AES
3.74007953570528e-12	1.74456318685834	0.045	0.014	1.26018239876054e-07	c2	IGFBP3
5.04715888719394e-12	0.735263795858204	0.29	0.211	1.70058971545113e-07	c2	NDUFB7
5.81703440016696e-12	1.13641691424415	0.121	0.064	1.95999157079225e-07	c2	RNF125
6.144488429013e-12	0.638009372288927	0.352	0.273	2.07032393127164e-07	c2	IL16
6.18544027627452e-12	0.15316604479946	0.891	0.798	2.08412224668794e-07	c2	CFL1
6.98882912972354e-12	1.76519044950786	0.05	0.017	2.35481608696905e-07	c2	EPHA4
7.50686007494358e-12	0.196105106271704	0.963	0.95	2.52936143365149e-07	c2	HINT1
7.94986655583328e-12	0.36358503674602	0.61	0.526	2.67862803732247e-07	c2	DRAP1
8.09736974135436e-12	1.39308714732658	0.104	0.052	2.72832776065194e-07	c2	PRKCI
8.11211660088821e-12	0.500607785174357	0.422	0.337	2.73329656750327e-07	c2	RASSF5
8.12871980857579e-12	0.835632529915471	0.249	0.172	2.73889085230153e-07	c2	TPST2
8.89197491404069e-12	0.533558167229381	0.426	0.335	2.99606202753687e-07	c2	NELL2
9.52311444321015e-12	0.681093940485315	0.344	0.265	3.20871818049523e-07	c2	MAF1
1.3419531682449e-11	1.88406882729057	0.046	0.015	4.52157700508437e-07	c2	PLXND1
1.4346465520851e-11	0.716836312241802	0.307	0.227	4.83389809259555e-07	c2	PDCD6
1.45597494778556e-11	0.683858121327236	0.36	0.285	4.90576198906868e-07	c2	FKBP2
1.47492966918661e-11	1.45863993234404	0.079	0.035	4.96962802735736e-07	c2	BCL9L
1.51735577388027e-11	4.2471839708865	0.011	0.001	5.11257854451217e-07	c2	TMEM171
1.5543956826187e-11	0.724248218850992	0.343	0.261	5.23738081301546e-07	c2	LGALS3
1.81194508387151e-11	0.513743988883642	0.476	0.4	6.10516776559667e-07	c2	SRP9
1.90339051939535e-11	1.28781620267515	0.12	0.065	6.41328401605071e-07	c2	ZBTB20
2.23955273819494e-11	0.317995316005207	0.662	0.583	7.54594899607404e-07	c2	TMEM50A
2.32493633671414e-11	0.435765235175574	0.532	0.457	7.83364049292464e-07	c2	ARL6IP4
2.34501164678726e-11	0.396352319787649	0.563	0.489	7.90128224268498e-07	c2	KRTCAP2
2.55332410128121e-11	0.751720797489787	0.229	0.154	8.6031702268569e-07	c2	NMRK1
2.96827235432477e-11	0.129347693401092	0.992	0.979	1.00012968706619e-06	c2	HLA-C
3.06669142166618e-11	0.343921335458532	0.715	0.668	1.0332910076162e-06	c2	EIF4B
3.35106666160802e-11	1.46216265470543	0.073	0.032	1.1291084009622e-06	c2	SPHK1
3.56914114657519e-11	1.72808123233184	0.062	0.025	1.20258641792704e-06	c2	DBN1
3.65127019959347e-11	1.1457881378486	0.122	0.067	1.23025898105102e-06	c2	NT5C3B
3.66820004728757e-11	0.302945085240721	0.698	0.647	1.23596332393307e-06	c2	C19orf43
4.47528485556111e-11	0.609282024964343	0.37	0.293	1.50790247923276e-06	c2	C19orf66
4.50721921635973e-11	0.975277026178415	0.219	0.148	1.51866244276025e-06	c2	UTRN
4.9733568881459e-11	0.168685494303077	0.612	0.52	1.67572286989188e-06	c2	TUBA1B
4.97998613095408e-11	0.869992534845846	0.233	0.162	1.67795652696367e-06	c2	CD58
5.43777151916651e-11	0.586754483116474	0.351	0.271	1.83220273566796e-06	c2	CKLF
6.29825601598324e-11	0.50818758863356	0.368	0.291	2.12213438202539e-06	c2	TALDO1
6.33317385538661e-11	0.248716021312131	0.487	0.372	2.13389959883397e-06	c2	PRF1
7.36797118858813e-11	0.644000695802928	0.366	0.289	2.48256421228289e-06	c2	SPSB3
7.89033874189928e-11	0.641272643445578	0.326	0.249	2.65857073569555e-06	c2	MINOS1
7.99183709168009e-11	0.639173479285894	0.325	0.249	2.69276958967069e-06	c2	RBL2
8.4957161911911e-11	1.37161437386449	0.084	0.04	2.86254661345993e-06	c2	RPS6KC1
8.72096639514104e-11	1.03886248345539	0.165	0.103	2.93844241717882e-06	c2	TRANK1
9.41038235802585e-11	1.20138558078027	0.121	0.067	3.17073423171323e-06	c2	HAGHL
9.51497622762101e-11	2.71163742553677	0.023	0.005	3.20597609013462e-06	c2	SYNGR1
9.81928342446792e-11	3.84694182847277	0.011	0.001	3.30850935704022e-06	c2	RAB6B
9.95960125925550e-11	1.05748610708993	0.139	0.081	3.35578804829355e-06	c2	PLEKHA1
1.0623972738007e-10	0.462685801631098	0.481	0.41	3.57964137434408e-06	c2	C14orf2
1.08658334497466e-10	0.124691344705647	0.997	0.989	3.6611339225576e-06	c2	GNB2L1
1.13129970073072e-10	1.185934338065	0.125	0.071	3.81180121164209e-06	c2	ZNF302
1.19122657893046e-10	1.80888585974332	0.067	0.029	4.01371883504831e-06	c2	TRAV38-2DV8
1.58238141181934e-10	1.11307781239527	0.142	0.084	5.33167592898409e-06	c2	DTX3L
1.67288526133565e-10	1.650705788467	0.057	0.023	5.63661959954434e-06	c2	HGSNAT
1.77994940509346e-10	1.12395767131227	0.142	0.085	5.9973615255219e-06	c2	MARCKSL1
2.15136329275774e-10	0.26657844830688	0.791	0.727	7.24880347861792e-06	c2	TAGLN2
2.23733798032377e-10	1.50806483405268	0.071	0.032	7.53848659090291e-06	c2	PMEPA1
2.36656534495883e-10	0.293824741753965	0.686	0.627	7.97390527330428e-06	c2	USMG5
2.46073429177545e-10	0.52447420721156	0.455	0.388	8.2911981227082e-06	c2	MPHOSPH8
2.51174064447543e-10	0.80798190309283	0.225	0.154	8.46305892749553e-06	c2	LUZP1
2.56606911677374e-10	1.11729576568108	0.144	0.087	8.64611328205743e-06	c2	CALHM2
2.77047905010257e-10	0.504433018150331	0.374	0.299	9.3348521114156e-06	c2	MYEOV2
2.85268149440956e-10	1.20877434023715	0.107	0.057	9.61182502726357e-06	c2	ITGA1
2.87638485903787e-10	0.449490835657052	0.496	0.423	9.69169114404221e-06	c2	PET100
2.91654995868128e-10	1.01471275014412	0.149	0.09	9.8270234307807e-06	c2	MIAT
3.06971420792382e-10	1.06434840280662	0.147	0.09	1.03430950521785e-05	c2	SETD3
3.14923681508776e-10	0.503663571200619	0.365	0.285	1.06110385247567e-05	c2	TUBB4B
3.26259143436359e-10	0.402640263796223	0.27	0.19	1.09929755789447e-05	c2	CDC42EP3
3.3626515834198e-10	1.09127365602051	0.121	0.068	1.13301182451747e-05	c2	KIF3A
3.53080159645359e-10	0.79017965072297	0.251	0.183	1.18966828990907e-05	c2	GLO1
3.54986775928822e-10	0.879426560937185	0.191	0.126	1.19609244281457e-05	c2	NCBP2-AS2
3.62153122106585e-10	0.73691843667427	0.285	0.215	1.22023872962593e-05	c2	IRF3
4.81787579284023e-10	0.426192025124311	0.521	0.459	1.62333506963959e-05	c2	IDS
5.03545343879945e-10	0.436778941626202	0.47	0.402	1.69664568166909e-05	c2	N4BP2L2
5.04376830935198e-10	0.788871765004586	0.245	0.177	1.69944729415306e-05	c2	NUB1
5.53719452730656e-10	0.310593171339009	0.681	0.638	1.86570232403067e-05	c2	ERP29
5.97840379958948e-10	1.23024734309235	0.12	0.069	2.01436337623368e-05	c2	TMEM115
6.22354075956705e-10	0.846239709247315	0.18	0.117	2.09695982352852e-05	c2	TRAPPC6A
6.54202079318878e-10	0.757207483803449	0.293	0.224	2.20426848605703e-05	c2	RP5-1171I10.5
6.65218243118267e-10	0.312181034771836	0.64	0.567	2.24138634836269e-05	c2	COX6C
6.68485114379659e-10	0.82085435747241	0.23	0.164	2.25239374439082e-05	c2	DGCR6L
7.24074159831536e-10	0.641086898919691	0.306	0.235	2.43969547413638e-05	c2	CCND3
7.45677014663782e-10	1.1719648806689	0.089	0.045	2.51248413320815e-05	c2	ARHGAP12
8.42139087017501e-10	0.858313367659103	0.193	0.129	2.83750343979677e-05	c2	MPC1
8.82627511419479e-10	0.510724079415539	0.405	0.333	2.97392513697679e-05	c2	ACADVL
8.90932945786728e-10	1.18364290974898	0.108	0.06	3.0019094675338e-05	c2	ZNF32
1.02121915288212e-09	0.735774334312825	0.289	0.222	3.44089581372103e-05	c2	ADK
1.07601957676202e-09	0.83391941015906	0.236	0.168	3.62554036194194e-05	c2	MSL3
1.09347622162729e-09	1.01984124003738	0.164	0.106	3.68435878115098e-05	c2	ARF3
1.11508221301019e-09	0.39468633831316	0.436	0.356	3.75715800851652e-05	c2	BAX
1.21064196975393e-09	1.06968122680241	0.13	0.077	4.07913705288891e-05	c2	MED19
1.21703173589348e-09	3.13012711809833	0.014	0.002	4.10066673091949e-05	c2	SMKR1
1.22794186760509e-09	0.919737966145585	0.18	0.118	4.13742732870858e-05	c2	RP11-47L3.1
1.23966833528282e-09	1.35317056847274	0.093	0.049	4.17693848890192e-05	c2	PEPD
1.38721917873074e-09	1.96994819549357	0.035	0.011	4.67409630081535e-05	c2	PGLYRP2
1.41906248386866e-09	0.263698068529606	0.655	0.576	4.78138913314707e-05	c2	ARL6IP5
1.49445229898167e-09	0.674747080291549	0.287	0.218	5.03540757618883e-05	c2	RASSF7
1.52101619905854e-09	0.796863961683057	0.212	0.147	5.12491198110784e-05	c2	S100PBP
1.55149955110996e-09	1.09833306535752	0.132	0.079	5.2276225875099e-05	c2	GCLM
1.56006131042075e-09	0.989675474115644	0.161	0.104	5.25647057933167e-05	c2	ARL2
1.61494783825499e-09	2.13131047130117	0.025	0.006	5.44140524621636e-05	c2	TMCC3
1.63134211967445e-09	0.782240857688553	0.24	0.175	5.4966441380311e-05	c2	OSBPL8
1.80246222749861e-09	1.0064323203313	0.184	0.125	6.07321622933381e-05	c2	PNP
1.92013610340579e-09	1.36721805203181	0.073	0.035	6.46970658681548e-05	c2	LINC01137
2.10102981943272e-09	0.833756827707103	0.196	0.133	7.0792098735966e-05	c2	ARL2BP
2.10659968117398e-09	1.12437661099887	0.127	0.076	7.09797696574762e-05	c2	C21orf59
2.20167644757681e-09	0.509508194808814	0.382	0.314	7.41832862246532e-05	c2	PYURF
2.53749938284404e-09	1.53749524067465	0.058	0.025	8.54985042055471e-05	c2	BBS2
2.9014899366346e-09	0.239063555546627	0.674	0.626	9.77628019249661e-05	c2	EML4
2.99080334291965e-09	0.298433877729298	0.282	0.208	0.000100772127836335	c2	OASL
3.31752653906276e-09	0.710567147566572	0.256	0.191	0.000111780739207181	c2	GYG1
3.80441664083505e-09	0.35271970652086	0.472	0.402	0.000128186014296296	c2	IER2
3.91008109194943e-09	0.260574740187501	0.775	0.732	0.000131746272312144	c2	UBXN1
4.0529220898564e-09	0.448847536388167	0.396	0.324	0.000136559156895621	c2	MRPS34
4.11010810467365e-09	0.622392909596531	0.326	0.262	0.000138485982478874	c2	PTP4A2
4.6735371579863e-09	0.62166530125326	0.317	0.254	0.000157470161001191	c2	HMGA1
5.2003811757547e-09	0.455349906745689	0.311	0.238	0.000175221643335879	c2	PBXIP1
5.32071865509246e-09	1.54678013276164	0.061	0.028	0.000179276294364686	c2	UBQLN4
5.60322971247153e-09	1.10272736893984	0.114	0.066	0.000188795221932016	c2	IFI44L
5.89517802707235e-09	0.83550329423271	0.207	0.146	0.000198632128444176	c2	MYCBP
5.89699467328729e-09	0.290362987699153	0.609	0.55	0.000198693338521742	c2	ATP6V0E1
6.35917817669867e-09	0.350073262493264	0.527	0.464	0.000214266149485685	c2	FAM96B
7.17046294150398e-09	0.562818124285412	0.325	0.261	0.000241601578351035	c2	MRPL34
7.33003964529974e-09	0.590478976169625	0.311	0.243	0.00024697835580873	c2	TGFB1
8.90248245787081e-09	0.904124474921917	0.195	0.137	0.000299960243935499	c2	LYPLA2
9.01293490158669e-09	2.99221109329539	0.011	0.001	0.000303681828574062	c2	LILRB1
9.16850528894055e-09	2.77176021792321	0.011	0.001	0.000308923617205563	c2	KIF19
9.30850105219869e-09	1.27693623261007	0.075	0.037	0.000313640634452783	c2	TRBV27
9.63771966345005e-09	0.854125546751931	0.198	0.137	0.000324733326340286	c2	RNF168
9.89838109925253e-09	0.833594316715858	0.175	0.116	0.000333516052758215	c2	HAGH
9.91335328542384e-09	0.63813318387315	0.29	0.226	0.000334020525599071	c2	NUTF2
1.00393701543376e-08	0.53089293735497	0.369	0.298	0.000338266537980251	c2	CD63
1.03019720493728e-08	0.799387725589127	0.175	0.117	0.000347114646231568	c2	NAAA
1.12563557451233e-08	1.56874455839584	0.048	0.02	0.000379271650476185	c2	MXRA7
1.24318318381101e-08	0.492607810288887	0.41	0.349	0.000418878141953281	c2	SCAF11
1.25832087137146e-08	1.17841029479389	0.082	0.043	0.000423978634399899	c2	FAM120B
1.31579655384982e-08	0.7349094086057	0.215	0.154	0.000443344490854159	c2	TSEN34
1.37725741788252e-08	0.444833722209105	0.402	0.336	0.000464053114381337	c2	PSMB3
1.38754871766565e-08	0.286213382496356	0.636	0.57	0.000467520664930265	c2	ISG20
1.57518998049568e-08	2.51320790725947	0.02	0.005	0.000530744512028214	c2	ANKEF1
1.69844668531857e-08	0.407125727468749	0.533	0.491	0.00057227462615124	c2	ATP5H
1.77480660505425e-08	0.533819440310015	0.354	0.293	0.000598003337506978	c2	DNAJC8
1.79016582931795e-08	0.549601925483927	0.323	0.26	0.000603178474530392	c2	RAB5C
2.0897715614884e-08	0.412682048709445	0.462	0.402	0.0007041276299279	c2	TRABD
2.11192636430674e-08	0.20528046107172	0.568	0.493	0.000711592469189514	c2	GABARAPL1
2.1456969173648e-08	0.897907462196089	0.184	0.127	0.000722971119336895	c2	LRIF1
2.180659211891e-08	0.448248575825935	0.463	0.405	0.000734751314854554	c2	CAMK4
2.2412797608241e-08	0.23750238420001	0.714	0.663	0.000755176802612071	c2	LEPROTL1
2.31035819891205e-08	1.7911204593056	0.033	0.011	0.000778452091541425	c2	SLC35C1
2.40114875547008e-08	0.411621120410731	0.471	0.413	0.000809043061668088	c2	TUFM
2.50554280248343e-08	0.878459148812706	0.18	0.124	0.000844217591868766	c2	TSSC4
2.62856620159602e-08	0.521748353037326	0.346	0.277	0.000885669095965761	c2	TTC39C
2.63108751396701e-08	0.712311979714032	0.247	0.186	0.000886518626956044	c2	TMEM147
2.91512569791747e-08	0.522781348755566	0.369	0.315	0.000982222452656313	c2	CD47
2.94875726331665e-08	0.621479073966972	0.302	0.242	0.000993554272301912	c2	TNRC6B
3.02879398566133e-08	1.4538370858675	0.07	0.035	0.00102052184552873	c2	TSPAN3
3.49910340830808e-08	1.43368025472889	0.046	0.019	0.00117898790239533	c2	PLEKHB1
3.69745971956622e-08	3.51714439847086	0.01	0.001	0.00124582207791064	c2	FGR
3.71114594239809e-08	3.03531525152915	0.013	0.002	0.00125043351383161	c2	ENPP5
3.82101488368525e-08	1.06707696005964	0.13	0.082	0.00128745275490891	c2	SDAD1
4.0429353788092e-08	0.922452753148851	0.169	0.115	0.00136222664653597	c2	CHD9
4.08979782306637e-08	0.133904028246163	0.971	0.967	0.00137801647850398	c2	RPL36AL
4.35362581230945e-08	0.821744043055609	0.209	0.153	0.00146691068119955	c2	FAM32A
4.64207068796186e-08	0.711515537269229	0.25	0.19	0.00156409929760187	c2	ARL6IP6
4.67787889690875e-08	0.763167485580424	0.214	0.156	0.00157616451552443	c2	TMEM43
4.84809250803271e-08	0.28208098977158	0.672	0.618	0.00163351628965654	c2	HNRNPF
4.8780159344491e-08	1.71917935828923	0.03	0.01	0.00164359868895328	c2	TJP3
5.08381557487834e-08	1.14723456365196	0.086	0.047	0.00171294081979951	c2	LINC01138
5.28339016420558e-08	1.10582608614614	0.099	0.057	0.00178018548192743	c2	KDSR
5.32146023923071e-08	0.520628669147368	0.302	0.238	0.00179301281300639	c2	SLBP
5.50932494542942e-08	0.925602026546088	0.144	0.094	0.00185631194711299	c2	PSMD1
5.53960572827087e-08	0.19876780944841	0.82	0.776	0.00186651475408359	c2	PSME1
6.06637523282916e-08	0.94942473470422	0.155	0.105	0.00204400447094946	c2	RDH14
6.16295655336341e-08	1.72163086457857	0.022	0.006	0.00207654658109027	c2	TYROBP
6.22221371620888e-08	1.11930995918559	0.116	0.071	0.00209651268953942	c2	GNPTG
6.32149961094808e-08	0.967391115522112	0.101	0.058	0.00212996607891284	c2	TRBV9
6.5898731168189e-08	0.609224342992881	0.3	0.244	0.00222039184798096	c2	SNX17
6.69292629530683e-08	0.182244852572976	0.881	0.863	0.00225511458594068	c2	RPL13A
7.51780878972334e-08	1.48241998380379	0.063	0.031	0.00253305049360938	c2	TRBV7-6
7.72180825201923e-08	0.38403250556139	0.302	0.232	0.00260178607243536	c2	TYMP
8.27793151129457e-08	1.98580589145842	0.029	0.01	0.00278916624341559	c2	TDRD7
8.51534737923862e-08	0.424535352723925	0.44	0.382	0.00286916114596066	c2	HNRNPUL1
8.74278654393614e-08	1.36030553435908	0.057	0.027	0.00294579449811384	c2	FAM84B
9.32091426851897e-08	0.720416602786954	0.233	0.177	0.00314058885363478	c2	ZMYM6NB
9.69309242340072e-08	0.525461678009951	0.373	0.322	0.00326599056114064	c2	XRCC5
9.8385392885771e-08	1.18641906170022	0.098	0.057	0.00331499742789317	c2	IMPDH1
1.00065321092658e-07	0.189135931569665	0.675	0.614	0.00337160092889601	c2	RARRES3
1.00304990014753e-07	1.59336418652512	0.049	0.022	0.0033796763335571	c2	NAGPA
1.01074313864456e-07	1.60759472383294	0.024	0.007	0.00340559793134897	c2	PTGDR
1.01421734413709e-07	0.575260883797299	0.304	0.243	0.00341730391933551	c2	NUCB2
1.02303615500554e-07	1.71131470010302	0.034	0.012	0.00344701802067568	c2	MPP5
1.02415078350232e-07	0.250962613999797	0.607	0.543	0.00345077364993273	c2	SMCHD1
1.02891546496353e-07	0.192820665080138	0.779	0.723	0.00346682776764811	c2	TCEB2
1.09661001220261e-07	0.721305129819938	0.214	0.157	0.00369491777511547	c2	BLOC1S4
1.1425567020033e-07	0.60976301630489	0.268	0.207	0.00384973055172992	c2	METTL23
1.14477702821657e-07	0.924525049602948	0.11	0.066	0.0038572117188729	c2	FYCO1
1.15118366149846e-07	0.814242385470783	0.173	0.12	0.00387879822905292	c2	C1orf174
1.19346215421865e-07	0.687411768042159	0.183	0.126	0.00402125138242432	c2	RHBDF2
1.1949655535774e-07	0.309201411438651	0.568	0.514	0.00402631693622369	c2	CDK2AP2
1.21630260142617e-07	1.26532195900797	0.072	0.038	0.00409820998524533	c2	NBPF19
1.23856384530904e-07	0.506667188262958	0.329	0.272	0.00417321702038428	c2	SAT2
1.29000063446882e-07	0.313873726711111	0.506	0.437	0.00434652813777924	c2	CD3G
1.30781871065071e-07	2.83128739974788	0.01	0.001	0.0044065643636665	c2	AC015849.2
1.35537470682198e-07	1.02135470494121	0.059	0.028	0.00456679953716598	c2	TNFSF14
1.59909108501243e-07	0.732733126727014	0.229	0.174	0.00538797750184088	c2	PITHD1
1.62634430248261e-07	0.689159208867832	0.272	0.214	0.00547980449278489	c2	HMHA1
1.63149430303281e-07	0.742242047548979	0.221	0.164	0.00549715690463876	c2	EIF2AK2
1.67704750664394e-07	0.527976867635477	0.345	0.288	0.0056506438688861	c2	ATP6AP2
1.75375875776739e-07	0.848125158013836	0.17	0.118	0.00590911475842146	c2	WDR37
1.77555088139012e-07	0.291159921577103	0.545	0.493	0.00598254113975587	c2	SEC62
1.81189696530244e-07	1.4684973132641	0.039	0.016	0.00610500563489003	c2	ACRC
1.82032520633117e-07	1.09745377912911	0.098	0.058	0.00613340375021225	c2	SLC39A10
1.84760273958261e-07	0.363777861882439	0.422	0.355	0.00622531267074965	c2	IL2RB
1.91856140505203e-07	0.836237368087959	0.118	0.073	0.0064644007981823	c2	GNPDA1
1.94186617021028e-07	2.45827208140044	0.018	0.004	0.00654292387390651	c2	HYAL2
2.0226870846576e-07	1.12444364519651	0.086	0.048	0.00681524186304531	c2	TRMO
2.07336395837612e-07	0.881117606082744	0.171	0.12	0.0069859925213525	c2	CEBPZOS
2.09024148769001e-07	0.798364954930314	0.184	0.132	0.00704285966862272	c2	PIN4
2.19594843098291e-07	2.1391917919631	0.029	0.01	0.0073990286433538	c2	MIR22HG
2.21058166436576e-07	0.73091007301178	0.197	0.142	0.00744833385991398	c2	ACD
2.31929086204192e-07	0.566991722923227	0.304	0.25	0.00781461863056403	c2	NDUFAB1
2.36343976819956e-07	0.418759813657153	0.399	0.338	0.00796337395497159	c2	SHISA5
2.42676886483081e-07	0.533207570727252	0.315	0.257	0.00817675501316092	c2	ZNF800
2.43794812689273e-07	1.20901644833945	0.095	0.056	0.00821442241875236	c2	PNPLA6
2.50533854812168e-07	1.67430223860149	0.034	0.013	0.00844148770404118	c2	CA11
2.5139039358814e-07	0.470791350611092	0.43	0.387	0.00847034792155877	c2	KIAA1551
2.58157111497412e-07	0.816380873172527	0.187	0.135	0.00869834571479379	c2	OXLD1
2.79787852042922e-07	0.738491532197137	0.226	0.172	0.00942717188673422	c2	MFNG
2.7984958370895e-07	0.472853411438134	0.34	0.283	0.00942925187348937	c2	PSAP
3.01183022782793e-07	0.157901341484735	0.96	0.931	0.0101480607696434	c2	TMA7
3.11774685851464e-07	1.03809860030572	0.102	0.061	0.0105049362650792	c2	NFIC
3.18913881615722e-07	2.49657695540434	0.022	0.006	0.0107454843271602	c2	TP53I11
3.21702471009035e-07	1.11474087501993	0.106	0.065	0.0108394430581784	c2	UNC50
3.43960436216324e-07	1.15813533959842	0.089	0.051	0.0115894029378728	c2	THEMIS2
3.45091588096618e-07	1.38221934098472	0.068	0.036	0.0116275159693274	c2	TNFAIP8L2
3.48780630132572e-07	1.29274779652298	0.081	0.045	0.0117518145516869	c2	PIP4K2A
3.56645885121994e-07	1.34767108017427	0.084	0.048	0.0120168264533005	c2	ISYNA1
3.62385037335835e-07	0.418672694736135	0.331	0.266	0.0122102014479936	c2	PARP8
3.97231160449147e-07	0.32997093371729	0.484	0.42	0.0133843067201736	c2	IRF1
4.01055864178299e-07	0.395821714193528	0.42	0.36	0.0135131762876236	c2	ANXA11
4.18628586182752e-07	0.691222240889261	0.258	0.201	0.0141052715828416	c2	AHNAK
4.44154873350804e-07	0.565360312734349	0.279	0.222	0.014965354302682	c2	COPS6
4.51485395206612e-07	0.898305608635353	0.157	0.109	0.0152123489060916	c2	GIMAP6
4.55899561254529e-07	0.748590246272878	0.237	0.185	0.0153610798169101	c2	C12orf65
4.60177324698994e-07	0.64484963717141	0.262	0.211	0.0155052147784079	c2	PDAP1
4.89158141901312e-07	0.785304957525017	0.201	0.15	0.0164816944332228	c2	PHB
4.99009589475339e-07	1.84391174956181	0.034	0.013	0.0168136291077821	c2	TMTC4
5.04402170735834e-07	0.791581837992464	0.146	0.098	0.0169953267407732	c2	TLE4
5.13108725589455e-07	0.385791916974485	0.426	0.372	0.0172886854000111	c2	DHRS7
5.1811204229804e-07	0.584768630425162	0.268	0.213	0.0174572671531902	c2	PCMTD1
5.23519839122819e-07	0.87024793239773	0.177	0.127	0.0176394774594043	c2	POLE3
5.27157641183546e-07	0.694619354673587	0.198	0.144	0.0177620495620384	c2	TRMT10C
5.29627581960529e-07	0.674241316811163	0.264	0.212	0.0178452717465781	c2	TTC3
5.31263528629634e-07	0.743237752996829	0.193	0.141	0.0179003933336469	c2	ITGB7
5.41531679789149e-07	0.844093375708855	0.155	0.108	0.0182463684188156	c2	PCID2
5.59660659014864e-07	0.455172860237367	0.226	0.165	0.0188572062448468	c2	KLF2
5.64269809910203e-07	0.875960403265251	0.093	0.054	0.0190125069751144	c2	PLEK
5.65829225351496e-07	0.621561067466186	0.271	0.22	0.0190650499189933	c2	MRPL43
5.79375045037821e-07	0.237617786168848	0.636	0.573	0.0195214627675044	c2	ATP5I
5.8943759771055e-07	0.749106472659331	0.201	0.148	0.0198605104172593	c2	AIM1
5.92470749612333e-07	1.55671011381479	0.043	0.019	0.019962709437438	c2	CACNB3
6.13241524439103e-07	1.77862619316677	0.018	0.005	0.0206625599244511	c2	ZNF485
6.18780136426672e-07	0.392385135859241	0.416	0.367	0.0208491779167603	c2	TBRG1
6.37394695589224e-07	1.16174629998453	0.097	0.059	0.0214763768731833	c2	STUB1
6.83170853042797e-07	1.04967705987628	0.126	0.083	0.023018758722424	c2	PARP9
7.11594673244133e-07	0.936918862854145	0.119	0.077	0.0239764709202878	c2	SLC52A2
7.27682996695229e-07	0.745907505063324	0.185	0.132	0.024518550890649	c2	TMEM50B
7.85080714444388e-07	0.332028301858593	0.461	0.404	0.0264525095924892	c2	WDR1
7.96788526242583e-07	0.844610174644885	0.177	0.129	0.0268469926032176	c2	NDUFA8
8.04496265926651e-07	1.85696648316219	0.019	0.005	0.0271066971841326	c2	IL15
8.1228926265361e-07	1.16606112745888	0.072	0.039	0.0273692744158507	c2	RP11-902B17.1
8.34701977474881e-07	0.887403790391572	0.125	0.082	0.0281244484290386	c2	PHKG2
8.92317666013279e-07	0.610121615423791	0.276	0.221	0.0300657514386514	c2	SUMO3
9.10374190201014e-07	2.9469146852802	0.013	0.003	0.030674147964633	c2	P3H4
9.13559250695385e-07	2.41670854561125	0.018	0.005	0.0307814653929303	c2	IQCE
9.36294265806841e-07	2.66473513769317	0.014	0.003	0.0315474989920957	c2	AC240274.1
9.51168801564244e-07	0.975594505725532	0.139	0.094	0.0320486815999056	c2	BRD3
9.62082304485733e-07	2.26506324876477	0.014	0.003	0.0324164011673423	c2	TRDV2
9.90467080763092e-07	0.59789909323638	0.229	0.174	0.0333727978192316	c2	OFD1
1.04488270637339e-06	0.794507377378522	0.193	0.144	0.035206277908545	c2	HDDC2
1.04603628811988e-06	0.62429277831828	0.221	0.168	0.0352451466919112	c2	ODF2L
1.05317825863382e-06	0.979431782882622	0.13	0.088	0.0354857882464078	c2	GRN
1.10399464256906e-06	0.241629985048714	0.667	0.62	0.0371979954867218	c2	SEPT7
1.10861472596256e-06	0.448274769245467	0.366	0.31	0.0373536645765826	c2	GCHFR
1.17749498649212e-06	1.69644034589436	0.028	0.01	0.0396745160748656	c2	YPEL4
1.18346476707643e-06	0.489547038061216	0.373	0.326	0.0398756618618732	c2	PRMT2
1.19625110459847e-06	0.625251373195278	0.213	0.161	0.040306484718341	c2	ATP6V0D1
1.24453924541879e-06	0.499340136439698	0.359	0.309	0.0419335053351408	c2	PHF11
1.25563225968672e-06	1.39043771492824	0.051	0.025	0.0423072733578845	c2	XKR8
1.29162900353964e-06	1.158735803668	0.082	0.048	0.0435201476452647	c2	NR2C2AP
1.29594006200631e-06	0.298322574662407	0.561	0.523	0.0436654044492406	c2	APRT
1.31111604232464e-06	0.535375118037483	0.303	0.254	0.0441767439300864	c2	AP2M1
1.31128955227226e-06	0.265251199043091	0.481	0.416	0.0441825901742615	c2	RBX1
1.31596187117006e-06	0.613467341586606	0.291	0.241	0.0443400192872041	c2	HMOX2
1.33971204753752e-06	1.09219336103645	0.095	0.058	0.0451402577297291	c2	ATP2A3
1.3859308254115e-06	0.164713979676907	0.895	0.845	0.0466975532314151	c2	ARPC2
1.47623717839283e-06	0.566471623844924	0.296	0.248	0.049740335488768	c2	SDHD
