p_val	avg_log2FC	pct.1	pct.2	p_val_adj	cluster	gene
0	6.10707081392671	0.947	0.095	0	c7	HSPA1B
0	5.83626958661208	0.947	0.191	0	c7	HSPA1A
0	7.92329552425536	0.629	0.016	0	c7	HSPA6
0	3.28905539776428	0.786	0.24	0	c7	HSPH1
0	5.3424732014046	0.911	0.382	0	c7	DNAJB1
0	4.6944771819486	0.496	0.051	0	c7	DNAJB4
0	3.99480549176164	0.964	0.635	0	c7	HSP90AA1
0	6.12533339726154	0.344	0.026	0	c7	SERPINH1
9.3820662730874e-259	3.45287592623577	0.796	0.32	3.16119341005407e-254	c7	HSPB1
2.31079847695922e-227	2.93696043236999	0.893	0.605	7.7860043882664e-223	c7	UBB
1.44634623515627e-207	3.87915280121634	0.632	0.212	4.87331900473553e-203	c7	DUSP1
9.57282318859466e-193	2.53089610530725	0.845	0.532	3.22546704516508e-188	c7	HSPE1
3.84967944291089e-183	2.62668536187462	0.947	0.857	1.29711099149439e-178	c7	HSPA8
2.79320398469981e-181	4.6909462476329	0.417	0.088	9.41142150604755e-177	c7	IFNG
2.19631656691331e-173	3.50576245141547	0.707	0.356	7.4002690405577e-169	c7	PPP1R15A
4.6408676307488e-170	4.06203196161008	0.441	0.11	1.5636939395045e-165	c7	ZFAND2A
2.71561298514417e-152	2.72560672002123	0.447	0.115	9.14998639214477e-148	c7	NR4A1
2.55919780795796e-144	2.22745125898153	0.962	0.94	8.62296109413356e-140	c7	UBC
8.89068499916337e-142	3.54255802233937	0.421	0.117	2.99562740361811e-137	c7	BAG3
9.82244885426338e-127	3.83738262695758	0.27	0.048	3.3095759169555e-122	c7	FOS
9.91675052999703e-120	2.79710686330354	0.536	0.218	3.3413499235772e-115	c7	RGS2
1.56433591295539e-113	5.88909019192804	0.083	0.002	5.2708734251119e-109	c7	CCDC121
5.47616573633969e-108	9.28370867098612	0.066	0	1.84513928320229e-103	c7	ACTRT3
1.29840395770122e-82	6.11294072761923	0.069	0.002	4.37484229507849e-78	c7	SERPINE1
1.69924142436957e-82	3.63138011584064	0.164	0.026	5.72542405527082e-78	c7	SGK1
1.82610744733203e-79	1.09141301321631	0.861	0.717	6.15288643304055e-75	c7	CD52
1.23551283929147e-73	2.68772825615392	0.497	0.253	4.16293696070869e-69	c7	GADD45B
1.3014347467987e-71	0.337805035622524	0.999	0.999	4.38505423586354e-67	c7	RPS27
9.59938502770464e-68	5.74472966840158	0.051	0.001	3.2344167912348e-63	c7	RP11-15I11.3
2.46942135487653e-65	1.80730018567061	0.68	0.496	8.32046831312099e-61	c7	JUN
3.03153944600723e-65	0.412804991970831	0.999	0.997	1.02144690093768e-60	c7	RPS29
3.05126543734989e-65	1.81776863391309	0.693	0.541	1.02809337646067e-60	c7	CCT4
4.20629241250622e-64	3.22899311466804	0.133	0.022	1.41726816546984e-59	c7	TNFSF14
4.74974628226695e-60	1.8822820199673	0.865	0.831	1.60037951234703e-55	c7	HSP90AB1
1.40155381293606e-58	3.56450979871759	0.115	0.018	4.72239541730675e-54	c7	RP11-864I4.1
1.05044445713217e-56	3.29865670468595	0.279	0.101	3.53936755386113e-52	c7	CCL4L2
1.95709933235911e-55	1.87974893598624	0.367	0.163	6.59425049045077e-51	c7	GZMK
5.69650534879615e-55	1.70891176754911	0.637	0.502	1.91938051222337e-50	c7	CACYBP
4.05724119319922e-54	3.73454039665279	0.062	0.005	1.36704684763655e-49	c7	RP11-61J19.5
4.97672895317844e-54	2.9602874891416	0.146	0.031	1.67685905348394e-49	c7	MYLIP
5.46740011743078e-54	3.03588885704831	0.284	0.11	1.84218579556713e-49	c7	NEU1
3.53861635437674e-52	2.22554479452983	0.533	0.359	1.1923013944437e-47	c7	DNAJA1
1.08107038877855e-51	3.17626549612928	0.094	0.013	3.64255856795045e-47	c7	RP11-326C3.2
1.87317106691749e-51	0.999489299177204	0.773	0.622	6.31146259287178e-47	c7	HCST
6.36925210248908e-51	2.25394155512746	0.174	0.045	2.14605580341267e-46	c7	DNAJA4
1.40549606862646e-50	1.74423593668957	0.538	0.353	4.73567845362998e-46	c7	TCP1
1.46935496026912e-49	3.28521049825983	0.124	0.024	4.95084460313077e-45	c7	GRASP
3.84940691168197e-49	1.70638263272036	0.426	0.228	1.29701916482212e-44	c7	CHORDC1
4.73543774669005e-49	4.07486681659401	0.081	0.01	1.59555839436974e-44	c7	RGS16
5.05288466309095e-49	0.333314347986227	0.996	0.998	1.70251895838186e-44	c7	RPL30
5.06659493261046e-49	1.02037952784337	0.65	0.462	1.70713849659377e-44	c7	RBM3
3.8895861371374e-47	3.03286365382969	0.12	0.024	1.31055715304707e-42	c7	TNFSF9
1.68882044835871e-45	1.35068361196724	0.751	0.672	5.69031161869984e-41	c7	SOD1
2.72688189424447e-45	0.922733291382354	0.704	0.519	9.18795585446732e-41	c7	S100A4
3.22500338723824e-45	1.13189993592455	0.604	0.423	1.08663264129605e-40	c7	GSTK1
3.89720439128394e-45	2.26861641394036	0.292	0.126	1.31312404759921e-40	c7	MBNL2
2.04954206946503e-44	3.12523783720945	0.118	0.025	6.90572704885546e-40	c7	MLKL
2.14186496780533e-44	0.455722507108583	0.969	0.964	7.21679982252327e-40	c7	RPL10A
2.28775725813874e-44	0.437832891984451	0.987	0.983	7.70836930557267e-40	c7	TMSB10
3.38090268161489e-44	0.340766645821919	0.993	0.998	1.13916134954332e-39	c7	RPS14
5.02756799229225e-41	2.29609718543617	0.245	0.097	1.69398875932295e-36	c7	USPL1
6.56148889336021e-41	1.47662767947455	0.51	0.33	2.21082806772879e-36	c7	TAGAP
7.83890658846911e-41	1.74901739140639	0.297	0.133	2.64124118591878e-36	c7	AP000769.1
1.87067770733834e-39	5.98115969398054	0.03	0.001	6.30306146710581e-35	c7	CDC20B
7.08581436028956e-39	2.10280543452606	0.227	0.088	2.38749429055596e-34	c7	SCML4
1.60817607548013e-38	4.88490722129483	0.036	0.002	5.41858846872276e-34	c7	RP11-713P17.3
4.82602071640091e-38	0.409539126931399	0.96	0.97	1.62607942018412e-33	c7	RPL27
9.51713816824606e-38	0.561729780105192	0.944	0.91	3.20670453440883e-33	c7	ACTG1
3.0841346310282e-37	0.720131813092337	0.943	0.93	1.03916832257864e-32	c7	ACTB
5.49279430250663e-37	0.298893262354764	0.997	0.998	1.85074211228658e-32	c7	RPS23
3.2331537830497e-36	1.46517743532953	0.379	0.219	1.08937883566077e-31	c7	BANF1
1.60683147643225e-35	0.284452592516069	0.995	0.998	5.41405797669082e-31	c7	RPL34
1.72872434320088e-35	1.97222390700368	0.344	0.185	5.82476380198106e-31	c7	CDC42EP3
5.96876190464476e-35	2.5713522078206	0.395	0.241	2.011114636151e-30	c7	CCL4
3.22818934073979e-34	3.12010859807443	0.174	0.061	1.08770611646887e-29	c7	TNF
2.41683279391763e-33	0.37014437489629	1	1	8.14327641582606e-29	c7	MALAT1
2.76878263654777e-33	1.94281275427653	0.328	0.182	9.32913621558405e-29	c7	MRPL18
4.34083350185379e-32	3.67730079748755	0.055	0.007	1.46260044011462e-27	c7	FOSB
4.50983495170564e-32	6.12097283368194	0.022	0	1.5195437886277e-27	c7	RAB17
6.28045525970559e-32	0.264727061275725	1	0.998	2.1161365952052e-27	c7	RPS28
6.8532707503342e-32	2.74281077635659	0.092	0.021	2.3091410466176e-27	c7	NKRF
6.9373099999685e-32	2.84385009890535	0.085	0.018	2.33745723138939e-27	c7	CSF1
9.0634158985045e-32	3.96803938172249	0.039	0.003	3.0538273528421e-27	c7	FCRL6
1.11852943321962e-31	3.64680815407759	0.112	0.03	3.76877307229018e-27	c7	IER5
3.98890670041345e-31	0.29570372102613	0.996	0.999	1.34402222363731e-26	c7	RPS18
1.43261909142674e-30	0.253061245073575	0.993	0.998	4.82706676665325e-26	c7	RPS21
3.05251986559501e-30	1.69467770253699	0.323	0.181	1.02851604351358e-25	c7	SNAP23
4.75642905265717e-30	0.21047853562325	0.997	0.998	1.60263120500231e-25	c7	RPL26
5.38198217126727e-30	1.98406710729135	0.247	0.119	1.8134050727868e-25	c7	DEDD2
9.18769874405732e-30	0.474825011113141	0.887	0.865	3.09570321482267e-25	c7	TOMM7
1.62461635218755e-29	5.90328561143973	0.029	0.002	5.47398233706073e-25	c7	PARD6G-AS1
5.54545091053925e-29	2.8756010950447	0.07	0.013	1.86848422979709e-24	c7	SH3BP5
1.96537430764453e-28	1.86940371647647	0.258	0.128	6.62213219217749e-24	c7	CWF19L2
3.53221971648634e-28	0.290145172512169	0.996	0.998	1.19014611127291e-23	c7	RPS12
4.95758912212573e-28	0.291496772248202	0.988	0.99	1.67041007880904e-23	c7	RPL35
6.75185202659207e-28	3.97442177425213	0.036	0.003	2.27496902183993e-23	c7	IL2
8.13612930328958e-28	0.23720048533924	0.995	0.998	2.74138740745039e-23	c7	RPS27A
5.76976112877056e-27	0.297399368357801	0.996	0.996	1.94406331472795e-22	c7	RPS6
8.74486857917293e-27	0.242131439719261	0.995	0.998	2.94649601906653e-22	c7	RPL11
1.06552423499622e-25	0.29636209989227	0.973	0.991	3.59017735739627e-21	c7	RPS10
1.3384106121575e-25	0.24229626752882	0.999	0.998	4.50964071660347e-21	c7	RPL32
1.70938599840588e-25	0.260242405946822	0.993	0.998	5.75960518302877e-21	c7	RPS3
1.93210968167592e-25	1.96285137456825	0.227	0.108	6.51005036143883e-21	c7	XCL2
4.34490826765388e-25	0.220857874260198	0.997	0.998	1.4639733917033e-20	c7	RPL19
8.98339755726956e-25	5.23516571229242	0.027	0.002	3.0268659729464e-20	c7	CRYAB
1.13519287477323e-24	0.260091591784096	0.987	0.994	3.82491887226093e-20	c7	RPLP2
1.31769572855362e-24	2.00497010547651	0.207	0.098	4.43984398778858e-20	c7	MB21D1
1.33165584709129e-24	1.70563252556135	0.329	0.204	4.48688121118939e-20	c7	DOK2
1.51419529889037e-24	3.23018881285904	0.06	0.012	5.10192964008122e-20	c7	ADRB2
1.95765440789245e-24	0.212921614735812	0.993	0.997	6.59612076195283e-20	c7	RPS7
4.5823569763563e-24	0.250171352701095	0.99	0.994	1.54397935961349e-19	c7	RPL23A
5.5655728185202e-24	2.63179227392412	0.082	0.021	1.8752641054722e-19	c7	NLRP6
5.84713859216925e-24	3.73412346004257	0.029	0.002	1.97013487724551e-19	c7	RP11-307C12.13
6.10202502247041e-24	3.09321274165218	0.06	0.012	2.05601631107118e-19	c7	HSPA2
6.33901005733001e-24	4.44306301654314	0.027	0.002	2.13586604871677e-19	c7	RASL11A
6.84304511229867e-24	1.59994053705809	0.267	0.147	2.30569562013791e-19	c7	AHSA1
1.27081808492112e-23	4.42962025578268	0.017	0	4.28189445533323e-19	c7	HEY1
1.69564746581605e-23	2.21687563841618	0.092	0.026	5.71331457132059e-19	c7	CCL3L3
1.69669165047305e-23	0.231323904942913	0.997	0.997	5.71683284710389e-19	c7	RPS25
2.26157881356939e-23	1.41269590240135	0.458	0.341	7.62016365444069e-19	c7	TXNIP
2.33880839339502e-23	0.416993010053947	0.949	0.92	7.88038100070519e-19	c7	SH3BGRL3
2.41426902949143e-23	0.270904685032455	0.99	0.992	8.13463806796841e-19	c7	RPL21
3.50426676833616e-23	0.230383907612977	0.995	0.998	1.18072764492319e-18	c7	RPL37
4.34399722253505e-23	1.11632726575332	0.411	0.278	1.46366642416096e-18	c7	CTSW
8.3721086762764e-23	1.56747919306072	0.599	0.556	2.82089829738457e-18	c7	CD69
2.12712734005547e-22	2.6726883246636	0.068	0.016	7.16714285958292e-18	c7	SDR42E2
6.20640145822684e-22	5.08005350712178	0.02	0.001	2.09118490733495e-17	c7	MAP1A
1.15645170429462e-21	0.254613597495293	0.99	0.994	3.89654837245029e-17	c7	RPL6
1.1733786247455e-21	3.05986765783876	0.055	0.011	3.95358193821748e-17	c7	CHI3L2
1.74639346774957e-21	0.392356197127463	0.908	0.884	5.88429815023539e-17	c7	RPL27A
2.41759827194489e-21	0.219708964268435	0.993	0.999	8.14585561749112e-17	c7	RPS24
3.03226589522783e-21	1.71887608933634	0.124	0.045	1.02169167073806e-16	c7	HIST2H2BF
3.66060201748189e-21	2.48484424394736	0.077	0.021	1.23340324377035e-16	c7	TSPAN32
8.37152539329687e-21	0.320093436972449	0.965	0.965	2.82070176601745e-16	c7	RPL38
1.19617044503642e-20	0.21616967149879	0.996	0.998	4.03037669750572e-16	c7	RPL13
1.22675724177064e-20	2.58828094498759	0.111	0.04	4.133435850422e-16	c7	ATF7IP2
1.9225271823741e-20	2.06869588094543	0.115	0.042	6.4777630882913e-16	c7	HYPK
3.97177110724664e-20	0.187244727781088	1	0.999	1.33824855687568e-15	c7	RPL39
5.91936080438258e-20	2.29896363959295	0.169	0.08	1.99446942942867e-15	c7	CDKN2C
6.62502466254283e-20	2.21961817209875	0.062	0.015	2.23223580979718e-15	c7	PLK2
9.55782704021119e-20	0.382893691407932	0.934	0.932	3.22041424292876e-15	c7	EEF1B2
1.34082552928235e-19	1.76864981335656	0.154	0.068	4.51777753836396e-15	c7	AC006369.2
1.83830400113015e-19	5.23080051351467	0.014	0	6.19398150140792e-15	c7	HES1
2.97808120992062e-19	2.76414842584862	0.06	0.014	1.00343468287065e-14	c7	RP11-670E13.6
4.28185838724207e-19	0.269823444289102	0.987	0.994	1.44272936499734e-14	c7	RPS3A
4.57185178866334e-19	8.32258994128198	0.01	0	1.54043974167222e-14	c7	COL2A1
7.56528462622955e-19	2.47971439460718	0.077	0.023	2.54904700196179e-14	c7	CPEB4
1.22842576826063e-18	0.588623800511227	0.737	0.652	4.13905778357736e-14	c7	CCL5
1.47085716094949e-18	2.30930884159671	0.089	0.029	4.9559061181032e-14	c7	RGL4
1.99963069927157e-18	1.12306828724236	0.387	0.281	6.73755567812562e-14	c7	TNFAIP8
2.5731144542425e-18	1.94724590810085	0.12	0.048	8.66985184212468e-14	c7	NEDD9
2.769381298018e-18	3.83006903447958	0.053	0.012	9.33115334554186e-14	c7	WBP5
2.92481883951439e-18	1.1458484826061	0.323	0.214	9.85488459785979e-14	c7	GZMM
6.03582807024531e-18	2.46156518026523	0.089	0.03	2.03371190998845e-13	c7	LINC01480
6.18605008296294e-18	1.30666559423543	0.367	0.265	2.08432771495353e-13	c7	TAF7
6.40379330108521e-18	4.14398577057554	0.021	0.002	2.15769411486765e-13	c7	DUSP6
7.99047086284854e-18	0.279129494043525	0.986	0.995	2.69230925252819e-13	c7	RPL3
1.08791328904474e-17	1.07229401450125	0.328	0.218	3.66561503610735e-13	c7	FLT3LG
1.51202492411135e-17	0.603859385731008	0.757	0.729	5.09461677930079e-13	c7	MYL12A
1.77498052218077e-17	1.345057624339	0.352	0.245	5.98061937143589e-13	c7	HSPA4
2.02212711273618e-17	1.15709253706193	0.339	0.234	6.81335509365329e-13	c7	CCND3
2.86402206393845e-17	2.64190766020808	0.052	0.012	9.65003594223422e-13	c7	MYBL1
5.31775812093978e-17	5.1826827084577	0.018	0.001	1.79176542126945e-12	c7	RGS4
5.52139454278356e-17	0.141659890782371	0.996	0.999	1.86037867724549e-12	c7	RPS15A
6.27096041258613e-17	2.3503191436058	0.06	0.016	2.11293740141677e-12	c7	NUAK2
9.55761699940188e-17	2.83084963245466	0.047	0.01	3.22034347177847e-12	c7	FBXL14
1.15895208081915e-16	2.93997695176386	0.034	0.006	3.90497314111204e-12	c7	IFNG-AS1
1.16586135480305e-16	0.165639348079923	0.992	0.998	3.9282532488734e-12	c7	RPL35A
1.78823518102719e-16	2.39994118595503	0.066	0.02	6.025279618953e-12	c7	C11orf21
1.9497587473624e-16	1.67885952763125	0.181	0.094	6.56951712336288e-12	c7	TWISTNB
2.58614854136289e-16	2.8003568214547	0.039	0.008	8.7137688952681e-12	c7	RP11-386I14.4
2.68799356647788e-16	4.8904567573726	0.016	0.001	9.05692552289057e-12	c7	CPNE5
4.04829994435675e-16	2.24396990539946	0.112	0.046	1.36403418325156e-11	c7	ZNF683
4.71343774549091e-16	0.175311154288721	0.996	0.998	1.58814571396571e-11	c7	RPL29
5.34779485290253e-16	1.17778060946128	0.223	0.126	1.80188599773698e-11	c7	KLRG1
5.63629380939402e-16	2.71309174067241	0.042	0.009	1.89909283613722e-11	c7	LAIR1
5.64527590520697e-16	2.34722073040584	0.074	0.024	1.90211926350044e-11	c7	RP5-821D11.7
6.07879054998918e-16	2.69475845896893	0.076	0.025	2.04818768791336e-11	c7	IER3
7.82979110021418e-16	0.377894114913758	0.836	0.838	2.63816981330617e-11	c7	COMMD6
8.91866332424859e-16	3.81788033863268	0.021	0.002	3.00505442047232e-11	c7	AC022182.3
1.31399091724834e-15	2.17641808257444	0.055	0.015	4.42736099657654e-11	c7	RPPH1
1.69289305264052e-15	4.94223006386886	0.014	0.001	5.70403385156698e-11	c7	HBEGF
1.94840497603468e-15	1.71656692318177	0.139	0.065	6.56495572625125e-11	c7	CCL3
2.19123226376874e-15	4.09218248405682	0.018	0.002	7.38313798954238e-11	c7	PRMT5-AS1
2.20905101448605e-15	1.10271410210935	0.241	0.141	7.44317648820931e-11	c7	LINC00861
2.75883468575773e-15	3.79996217078539	0.016	0.001	9.2956175901921e-11	c7	LCN10
3.03754367961574e-15	1.52680995287361	0.203	0.114	1.02346996740973e-10	c7	SLC20A1
3.61304640303157e-15	3.77313737784166	0.026	0.004	1.21737985503746e-10	c7	AC091729.9
5.33857715256774e-15	3.48530185202295	0.046	0.011	1.79878018578617e-10	c7	DCLRE1B
5.89877071405327e-15	2.00007205165121	0.109	0.047	1.98753180439311e-10	c7	NFKBIE
1.11087144206705e-14	8.02677200805267	0.008	0	3.74297023690072e-10	c7	CRYBA4
1.22696786260958e-14	0.231762229899216	0.987	0.983	4.13414551627672e-10	c7	RPL37A
2.9252747805552e-14	1.1344647640253	0.259	0.168	9.85642084560271e-10	c7	BIN2
3.03586804347723e-14	2.33750223051395	0.066	0.022	1.02290537856922e-09	c7	FAM46A
4.29481513049652e-14	1.07231079237801	0.314	0.225	1.4470950100695e-09	c7	C19orf60
5.2172163320175e-14	5.05914792274206	0.012	0.001	1.75788887090998e-09	c7	RP4-593H12.1
5.75401219402562e-14	0.938150513809763	0.428	0.343	1.93875686865499e-09	c7	CCNH
6.98367419571026e-14	1.1018695387246	0.365	0.284	2.35307918350262e-09	c7	ARHGAP15
7.44136526578645e-14	2.5286221889531	0.043	0.01	2.50729361265409e-09	c7	ARL4D
8.16527142061981e-14	3.17502721962048	0.023	0.003	2.75120655246364e-09	c7	CDC42EP2
1.54246123987369e-13	2.05934534815355	0.125	0.059	5.1971689016304e-09	c7	HIST1H3H
1.60302810055646e-13	0.98162559685233	0.353	0.249	5.40124288201492e-09	c7	GZMA
1.61998927081935e-13	1.7551087581931	0.096	0.04	5.45839184909873e-09	c7	LINC00936
1.92521091890312e-13	2.53388954308647	0.047	0.013	6.48680567015219e-09	c7	ITGA6
2.25177356250318e-13	0.174251246952245	0.991	0.995	7.58712584149822e-09	c7	RPS9
3.25799514430608e-13	0.220417762743535	0.966	0.981	1.09774888392249e-08	c7	PFDN5
3.4365217958722e-13	1.12669475551573	0.309	0.217	1.15790165390118e-08	c7	NFKBIZ
3.72023911359255e-13	4.12691214739122	0.02	0.002	1.25349736693387e-08	c7	RND1
5.33760101856725e-13	1.56850965636844	0.091	0.037	1.79845128719605e-08	c7	FXYD2
7.5079122806327e-13	5.28857193430471	0.012	0.001	2.52971596383638e-08	c7	RP11-190C22.9
7.55652234435326e-13	4.61761153202708	0.012	0.001	2.54609463870639e-08	c7	RP11-21M24.2
8.58251582207359e-13	3.0112190968855	0.029	0.005	2.89179288108948e-08	c7	HSPE1-MOB4
9.13154754484677e-13	0.113517670751743	0.999	0.999	3.07678362976067e-08	c7	AC090498.1
9.13265035576959e-13	0.235039575428273	0.979	0.988	3.07715521087301e-08	c7	RPL22
1.31894815606747e-12	2.80658996362124	0.027	0.005	4.44406391705373e-08	c7	B3GNT5
1.68382887788526e-12	3.10575322857769	0.029	0.006	5.6734930211466e-08	c7	CCDC65
1.76013747120643e-12	7.63886677182759	0.007	0	5.93060719548296e-08	c7	PIGR
2.118113642521e-12	0.553134935400594	0.312	0.219	7.13677210711024e-08	c7	HIST2H2AA4
2.15480064564959e-12	1.33207520334059	0.135	0.068	7.26038529545172e-08	c7	XCL1
3.32850757280955e-12	4.15741246381612	0.016	0.002	1.12150734158245e-07	c7	AC006994.2
3.64340165419309e-12	2.65310477303392	0.029	0.006	1.22760775336382e-07	c7	RP4-539M6.22
3.75448256746985e-12	1.55716588108124	0.148	0.081	1.26503535628329e-07	c7	MATK
4.14355156549833e-12	1.8639302649615	0.116	0.056	1.39612826447901e-07	c7	AP4B1
4.60931920547181e-12	0.130835959613813	0.995	0.998	1.55306401309167e-07	c7	RPS15
5.51403691924551e-12	3.95579638466139	0.014	0.001	1.85789959957058e-07	c7	RP11-109E24.2
7.60519634769067e-12	2.59004562974704	0.031	0.007	2.56249485739089e-07	c7	PTGDR
7.69584007262323e-12	3.09913631967306	0.026	0.005	2.59303635406967e-07	c7	HSPA1L
8.1315420046222e-12	2.17029282480928	0.068	0.025	2.7398417630374e-07	c7	SLC25A45
8.29127949808617e-12	1.25380516401797	0.201	0.124	2.79366371408515e-07	c7	KCNA3
9.99629654871195e-12	1.37240125002633	0.188	0.114	3.368152159123e-07	c7	ARHGEF3
1.46638853053921e-11	3.21325375185526	0.026	0.005	4.94084951479882e-07	c7	SLC25A30-AS1
1.56169073091196e-11	2.89286887951897	0.026	0.005	5.26196074873475e-07	c7	DSEL
2.30535181918896e-11	5.32181464437742	0.009	0	7.76765241957527e-07	c7	C20orf144
2.31359354908854e-11	5.31076443320637	0.009	0	7.79542210429893e-07	c7	EGR3
2.33016363642154e-11	4.84180293046559	0.009	0	7.85125335655873e-07	c7	RP11-287D1.2
2.6166378793635e-11	2.18269164282238	0.06	0.021	8.81649967072739e-07	c7	ARIH2OS
2.68588103405055e-11	4.6343701628321	0.014	0.001	9.04980755612992e-07	c7	CA2
3.49405140347641e-11	3.39764379243517	0.031	0.007	1.17728567988734e-06	c7	PRRG4
3.50722619735584e-11	2.32756128818726	0.034	0.008	1.18172479493708e-06	c7	FCGR3A
3.60818971445728e-11	0.685478902409891	0.454	0.389	1.21574344238924e-06	c7	CD48
4.86070196723664e-11	1.00713259703283	0.333	0.257	1.63776492084071e-06	c7	BCAS2
5.75742864527696e-11	4.19011570362944	0.012	0.001	1.93990800773962e-06	c7	IDI2-AS1
5.86191719858177e-11	3.60939825725097	0.012	0.001	1.97511438089014e-06	c7	RP1-223E5.4
7.32356792698711e-11	3.34410442827018	0.02	0.003	2.46760297731904e-06	c7	CTD-2561B21.11
7.37266434726609e-11	1.57866719477988	0.089	0.039	2.48414552516784e-06	c7	SPNS3
8.83521695735512e-11	1.54720662374459	0.116	0.059	2.97693800161123e-06	c7	POP5
9.62014465411652e-11	1.35099989968977	0.199	0.127	3.24141153975802e-06	c7	ECD
9.81651486919664e-11	1.57360295499571	0.108	0.053	3.30757652002712e-06	c7	RIC3
9.8647047233088e-11	5.40169926128382	0.008	0	3.32381360947167e-06	c7	PGF
1.18239692340753e-10	2.57928559224929	0.036	0.01	3.98396819372933e-06	c7	IER5L
1.21896963400544e-10	1.74129564051388	0.134	0.073	4.10719628481792e-06	c7	CHMP1B
1.57071935400831e-10	1.88412631615163	0.074	0.031	5.29238179139561e-06	c7	LRRC57
2.06707108344825e-10	3.0392381479805	0.022	0.004	6.96478930857053e-06	c7	RP11-18H21.1
2.56336376401194e-10	2.1665832753212	0.06	0.022	8.63699786646183e-06	c7	RASD1
2.79874578330912e-10	6.0066192142526	0.007	0	9.43009404228175e-06	c7	KIAA1257
2.79874578330912e-10	5.66609156714299	0.007	0	9.43009404228175e-06	c7	RP3-425P12.1
2.83887561738183e-10	7.19137017085705	0.005	0	9.56530750520633e-06	c7	RP11-382D12.2
2.83887561738183e-10	6.71197467923909	0.005	0	9.56530750520633e-06	c7	LLfos-48D6.2
2.89099540380518e-10	0.636541706530114	0.52	0.441	9.74091991358117e-06	c7	LTB
3.19738257353971e-10	2.12091783412365	0.142	0.081	1.07732608432847e-05	c7	VCAM1
3.5664740201206e-10	1.65699427185768	0.103	0.05	1.20168775633944e-05	c7	CD83
3.71808189534195e-10	0.788008076454431	0.486	0.403	1.25277051381652e-05	c7	ANXA1
6.44409402980278e-10	1.82214697837039	0.079	0.035	2.17127304240175e-05	c7	ITGB2-AS1
7.97024042438003e-10	0.889172079055073	0.307	0.233	2.68549280859061e-05	c7	TC2N
8.617312255969e-10	3.71534153019288	0.013	0.001	2.90351719152619e-05	c7	RAB27B
1.04900758867897e-09	2.63140317569383	0.023	0.005	3.53452616929493e-05	c7	RP11-326K13.4
1.10777965602593e-09	0.517729523790818	0.559	0.523	3.73255277301376e-05	c7	PRR13
1.11534203291759e-09	2.59315256148446	0.038	0.011	3.75803344571252e-05	c7	FKBP7
1.15435840416172e-09	2.64117931376564	0.038	0.011	3.88949520698251e-05	c7	TTC16
1.29789554664819e-09	0.291274053578146	0.865	0.886	4.37312925487642e-05	c7	CD3E
1.36314631559937e-09	1.96129343528988	0.076	0.033	4.59298519578052e-05	c7	BTBD9
1.39431743995326e-09	0.188449220147298	0.97	0.979	4.69801318217851e-05	c7	ATP5E
1.49186245525165e-09	3.64265271046911	0.016	0.002	5.02668135672491e-05	c7	BAMBI
1.49834619425805e-09	0.285051473805321	0.812	0.816	5.04852766693307e-05	c7	EIF3K
1.56785952759886e-09	1.25951707320275	0.193	0.127	5.28274589229159e-05	c7	PTPN6
1.80527978713998e-09	1.78170529607564	0.07	0.03	6.08270971478944e-05	c7	KANSL1-AS1
1.81488701799795e-09	1.99006715777137	0.065	0.027	6.11508031844231e-05	c7	CTB-133G6.1
1.93663791599347e-09	1.60535035955333	0.07	0.03	6.52530779414839e-05	c7	AKAP7
1.98402715816484e-09	3.20911018468879	0.038	0.011	6.68498110672061e-05	c7	IFIT2
2.05541699004992e-09	4.99055968559469	0.008	0	6.9255220062742e-05	c7	PHACTR1
2.05890258750887e-09	4.93681991311417	0.008	0	6.93726637835238e-05	c7	RP11-117D22.2
2.069393966226e-09	4.56227285400356	0.008	0	6.97261602980187e-05	c7	MAATS1
2.14662015506023e-09	0.29340583759609	0.94	0.94	7.23282195045994e-05	c7	RPL36A
2.25284458425723e-09	0.623171815048409	0.406	0.343	7.59073454219631e-05	c7	ANXA6
2.42411483325395e-09	1.41615775007523	0.145	0.085	8.16781251916585e-05	c7	ATG16L1
2.94012812175988e-09	0.129802564185669	0.992	0.997	9.90646769345774e-05	c7	RPS4X
3.13962441366084e-09	2.82629222489141	0.023	0.005	0.000105786504993888	c7	CH17-373J23.1
3.23273983413858e-09	4.27783704002736	0.009	0.001	0.000108923935971465	c7	AC005253.2
3.24683625567427e-09	4.48964316650728	0.009	0.001	0.000109398900798689	c7	ENPP2
3.33196884479272e-09	0.258481654667992	0.874	0.887	0.000112267358256446	c7	RPS4Y1
3.62875822437239e-09	2.68440455133533	0.017	0.003	0.000122267379612003	c7	IFNL1
3.91381902347269e-09	2.75447782577108	0.029	0.007	0.000131872218176889	c7	PHLDA2
3.98546672159053e-09	3.37497102160135	0.014	0.002	0.000134286315717271	c7	MS4A1
5.3916411486452e-09	0.347692316453437	0.724	0.718	0.000181665956862451	c7	GLTSCR2
5.85157572774218e-09	0.275399402856809	0.85	0.838	0.000197162992570545	c7	PTPRCAP
5.94393540355661e-09	1.40984206513474	0.159	0.099	0.000200274959487436	c7	MXD1
6.41491394339398e-09	0.180671318486441	0.993	0.998	0.000216144110408717	c7	RPS8
8.26663184725838e-09	0.884320222506662	0.379	0.319	0.000278535893461524	c7	TRA2A
8.81504009450631e-09	2.5045617837478	0.029	0.008	0.000297013960944296	c7	RP11-1017G21.5
8.89729239299777e-09	1.93573517961191	0.055	0.021	0.000299785369889667	c7	RP11-245D16.4
1.01842275136896e-08	3.51820166278915	0.013	0.002	0.000343147361846257	c7	ID1
1.02557041483045e-08	0.600645757273441	0.514	0.484	0.000345555695572972	c7	RPS20
1.02725940587436e-08	2.77574604702657	0.027	0.007	0.000346124784215306	c7	EMILIN2
1.04836063857266e-08	6.58895371505453	0.007	0	0.000353234633560673	c7	RP11-521O16.2
1.54109921815413e-08	2.34646446367481	0.03	0.008	0.000519257970564852	c7	PAQR3
1.86523722132738e-08	2.25624966373692	0.06	0.025	0.000628473029354048	c7	GADD45G
2.14080861380696e-08	3.80261248815154	0.009	0.001	0.000721324054336119	c7	FAM66E
2.17753832037516e-08	0.273063894752108	0.878	0.844	0.000733699761667205	c7	PFN1
2.80752453519919e-08	2.3974688955972	0.029	0.008	0.000945967316890014	c7	IL18BP
2.82046347324434e-08	2.1768256917981	0.038	0.013	0.000950326962674948	c7	AC079922.3
3.78369431344509e-08	5.98743000670681	0.005	0	0.00127487796197219	c7	RP11-496N12.9
3.79163087632871e-08	6.09029543783807	0.005	0	0.0012775521074702	c7	RP11-66H6.3
3.79958358258591e-08	5.19165287453478	0.005	0	0.0012802316923165	c7	AC091633.3
3.79958358258591e-08	5.10738934572713	0.005	0	0.0012802316923165	c7	RASL11B
3.8155375522766e-08	4.57754292320507	0.005	0	0.00128560722286408	c7	FRY
4.71000160708207e-08	6.70076710468853	0.004	0	0.00158698794149023	c7	CNR2
4.71000160708207e-08	7.2582493932843	0.004	0	0.00158698794149023	c7	FAM151B
4.71000160708207e-08	6.67341660865726	0.004	0	0.00158698794149023	c7	SUGCT
4.71000160708207e-08	6.5914201905711	0.004	0	0.00158698794149023	c7	KB-1471A8.1
4.71000160708207e-08	7.12131665629236	0.004	0	0.00158698794149023	c7	RP11-378I6.1
4.71000160708207e-08	6.56347233556665	0.004	0	0.00158698794149023	c7	RP11-993B23.3
4.71000160708207e-08	6.36786357199708	0.004	0	0.00158698794149023	c7	APOBEC3A
4.71000160708207e-08	7.06966068151482	0.004	0	0.00158698794149023	c7	KRTAP12-3
4.85197019440144e-08	1.38969122885426	0.086	0.043	0.00163482283730162	c7	C1orf162
5.46908095341307e-08	3.68196023838067	0.01	0.001	0.001842752136443	c7	LINC00167
6.12377309539881e-08	1.50101097781818	0.125	0.073	0.00206334410676368	c7	ATF3
6.82247919179454e-08	0.266548003867092	0.786	0.8	0.00229876613888325	c7	RPL23
6.99047184711873e-08	0.955037158092414	0.275	0.213	0.00235536958416819	c7	STAT1
7.06801073011622e-08	2.3770386625543	0.026	0.007	0.00238149553540536	c7	ACSL6
7.12329904781217e-08	1.86198675409118	0.057	0.025	0.00240012438116983	c7	NCALD
7.17336652108161e-08	0.914909604465179	0.217	0.156	0.00241699411561324	c7	CASP1
7.90914948454082e-08	3.15507169025602	0.013	0.002	0.00266490882732118	c7	RP11-473O4.4
8.06290118003941e-08	3.16047160958284	0.013	0.002	0.00271671392360248	c7	RAP1GAP2
8.3658654522945e-08	1.38025429095819	0.116	0.068	0.00281879470549611	c7	ANAPC15
8.48749945843513e-08	2.58211464329582	0.039	0.014	0.00285977806752513	c7	RHEBL1
1.05803850997278e-07	1.88895189980657	0.043	0.016	0.0035649549555023	c7	ATP8B2
1.08887658483435e-07	3.53728626189579	0.009	0.001	0.00366886076494087	c7	PI16
1.14014916759176e-07	1.60895721717156	0.159	0.105	0.00384161860528366	c7	COA1
1.17953852770771e-07	0.867631993789577	0.329	0.275	0.00397433711525836	c7	NUCB1
1.22565488698154e-07	1.0674174892755	0.199	0.139	0.00412972157619561	c7	LRBA
1.32854055381942e-07	2.64037123835758	0.025	0.007	0.00447638454203914	c7	RP11-327P2.5
1.53844346628687e-07	3.02600668887362	0.014	0.002	0.00518363141530699	c7	C1orf61
1.58215205303911e-07	1.86858699585074	0.073	0.036	0.00533090312750998	c7	RGS3
1.5885804525313e-07	6.95225071068922	0.007	0	0.00535256297675898	c7	ARC
1.59109792130017e-07	4.95073223863862	0.007	0	0.0053610453360288	c7	SLC5A2
1.59614443742311e-07	4.83042337721359	0.007	0	0.00537804906745343	c7	LINC00544
1.60120642967162e-07	4.31502830227457	0.007	0	0.00539510494413557	c7	CH25H
1.6492940380073e-07	0.761663452862504	0.336	0.279	0.00555713133166181	c7	UCP2
1.66207692375073e-07	1.98146111143897	0.039	0.014	0.00560020198688572	c7	ZMAT1
1.68375561316279e-07	4.180145663671	0.008	0.001	0.00567324616299069	c7	RP11-367J7.3
1.74236374737074e-07	0.803458052603085	0.262	0.198	0.00587072041039096	c7	LYAR
1.76887273191532e-07	2.38795134768004	0.023	0.006	0.00596003978291547	c7	RP11-490O6.2
1.88723336945022e-07	0.695040889027166	0.314	0.257	0.00635884411502556	c7	TSTD1
1.97871628126148e-07	2.79391741974488	0.013	0.002	0.00666708663808243	c7	RP11-138I1.2
2.01158556739995e-07	1.68631545540794	0.074	0.037	0.00677783641079739	c7	TRIB2
2.05454705224842e-07	0.117172812923877	0.999	0.999	0.00692259083784582	c7	RPLP1
2.3858547515622e-07	2.51500282980312	0.021	0.005	0.00803889899991369	c7	AC091814.2
2.4242422085211e-07	1.36475543339771	0.13	0.081	0.008168241697391	c7	ERCC1
2.43488045659785e-07	2.22777619959618	0.027	0.008	0.00820408621046079	c7	NICN1
2.70051922156741e-07	1.35025095869723	0.113	0.067	0.00909912946514922	c7	RASGRP2
2.8226747262212e-07	1.40913614656204	0.098	0.054	0.00951072022252972	c7	ZNF10
2.8582672617826e-07	1.78092923389462	0.052	0.022	0.00963064571185029	c7	RP11-138A9.2
3.20097876480785e-07	1.2811479515728	0.111	0.065	0.0107853778501436	c7	LPAR6
3.86091496833536e-07	0.830273396914095	0.299	0.245	0.0130089668943092	c7	TBC1D10C
4.15776063217122e-07	1.69286548727179	0.082	0.044	0.0140091586740377	c7	COMMD4
4.28701337590926e-07	2.74764687837712	0.016	0.003	0.0144446628687886	c7	IQCK
4.39789046755298e-07	3.83765483263753	0.009	0.001	0.014818252141373	c7	CTC-444N24.13
4.44557675909539e-07	1.19650139009976	0.145	0.094	0.014978926332096	c7	SERINC5
4.45501678373235e-07	1.76025327036401	0.038	0.014	0.0150107335511078	c7	IL23A
4.46735353555413e-07	1.34741079683129	0.094	0.052	0.0150523010026961	c7	LINC01550
4.7375887646538e-07	1.04985715999967	0.185	0.13	0.0159628315836245	c7	NLRC5
4.74154264797966e-07	2.57274606678866	0.017	0.004	0.0159761537981027	c7	RP11-484K9.4
4.86784671107496e-07	0.469985019396701	0.549	0.525	0.016401722708296	c7	APRT
5.04935694600836e-07	1.83926882120754	0.034	0.012	0.0170133032938806	c7	APBA2
5.1978579374765e-07	2.52999469020072	0.035	0.013	0.0175136625345333	c7	AC017002.2
5.64000823906332e-07	3.07793957494292	0.012	0.002	0.0190034437607	c7	LINC00441
5.83780160416871e-07	1.35571069518023	0.064	0.03	0.0196698887250861	c7	TPRG1
5.8955460562684e-07	1.98831824107144	0.036	0.013	0.0198644528819907	c7	RP11-467L13.7
5.97989018731889e-07	1.19676468797599	0.124	0.076	0.0201486419971523	c7	USP53
6.79010253184869e-07	1.881921229908	0.03	0.01	0.022878571470811	c7	LINC00528
7.6814762583029e-07	1.07074341526457	0.055	0.024	0.0258819661047258	c7	HIST2H2AA3
7.88317045083699e-07	1.65715735912389	0.049	0.021	0.0265615545170502	c7	TXK
8.79957083640413e-07	3.2551240721125	0.008	0.001	0.0296492739761801	c7	ZP3
8.8210339415097e-07	3.18858080180343	0.008	0.001	0.0297215917625228	c7	LINC00309
9.04912838381564e-07	0.106938096046018	0.992	0.998	0.0304901331764284	c7	RPL18A
9.93822346363378e-07	4.70429807024201	0.005	0	0.0334858501383677	c7	RP11-539G18.3
9.93822346363378e-07	5.05980118012113	0.005	0	0.0334858501383677	c7	GPR150
9.93822346363378e-07	4.95492619946797	0.005	0	0.0334858501383677	c7	RP11-231D20.2
9.95527451289357e-07	4.58424519078583	0.005	0	0.0335433019437436	c7	RP5-1115A15.1
9.95527451289357e-07	4.64578157371731	0.005	0	0.0335433019437436	c7	RP3-403L10.3
9.97235372082268e-07	4.79666067033313	0.005	0	0.0336008486269399	c7	CARNS1
9.98946113197735e-07	5.07058659788563	0.005	0	0.0336584903380845	c7	HSPA4L
1.0006596790981e-06	4.08539106669996	0.005	0	0.0337162272275313	c7	CTHRC1
1.0006596790981e-06	4.08265927763567	0.005	0	0.0337162272275313	c7	RP11-93B14.6
1.00581737023289e-06	3.66196071140997	0.005	0	0.0338900104726271	c7	PPP1R27
1.01170615575998e-06	0.39526518137168	0.635	0.631	0.0340884272121767	c7	DAZAP2
1.08768617826728e-06	2.36826894828823	0.036	0.014	0.0366484980905377	c7	HVCN1
1.31906179683472e-06	4.97777007885841	0.007	0.001	0.0444444681825489	c7	CHRNA1
1.32089000106049e-06	4.61645708990189	0.007	0.001	0.0445060676957321	c7	PRELID3A
1.32272064228173e-06	4.27643706887097	0.007	0.001	0.0445677493210407	c7	FBXO47
1.32537678522881e-06	2.4489376437435	0.018	0.004	0.0446572454014995	c7	RP11-37B2.1
1.33191051228315e-06	3.64871136102517	0.007	0.001	0.0448773928008684	c7	SAG
1.33560362837407e-06	3.49302705481787	0.007	0.001	0.0450018286544358	c7	AC061992.2
1.33745387781713e-06	3.54191825753392	0.007	0.001	0.0450641709591704	c7	ZNF703
1.34872911328985e-06	3.03159595447986	0.012	0.002	0.0454440787431882	c7	RP11-218M22.1
1.35194135440947e-06	1.94886570324337	0.052	0.024	0.0455523119954728	c7	NAP1L5
1.41247777978226e-06	1.84210532271166	0.025	0.007	0.0475920263119834	c7	RP11-108M9.6
1.41472086138801e-06	0.114924388563542	0.999	0.999	0.0476676047036076	c7	RPL41
