p_val	avg_log2FC	pct.1	pct.2	p_val_adj	cluster	gene
0	2.21113493631482	0.723	0.179	0	c4	SESN3
0	1.95854672945103	0.997	0.974	0	c4	PABPC1
1.78356811640206e-301	2.52598477685397	0.65	0.145	6.00955441140511e-297	c4	CCR7
3.02728484943473e-276	0.9459974168601	1	0.994	1.02001335716854e-271	c4	RPLP0
2.98260704999344e-269	0.70795899475877	1	0.999	1.00495961942479e-264	c4	EEF1A1
7.2606504040642e-268	0.684728721304212	1	0.998	2.44640354714539e-263	c4	RPL13
1.35273221443578e-262	2.16297613618918	0.756	0.25	4.5578959233199e-258	c4	SELL
2.40180616529196e-254	0.596093818395606	1	0.998	8.09264569333473e-250	c4	RPL10
2.18313429521349e-253	0.724762065622786	1	0.998	7.35585269429232e-249	c4	RPS12
4.63598163268728e-251	0.758607101056153	1	0.997	1.56204765131765e-246	c4	RPS8
4.0898873134437e-250	0.841423094184053	1	0.983	1.37804663139172e-245	c4	RPS5
6.0187794015137e-243	0.597751702838191	0.999	0.998	2.02796753154603e-238	c4	RPL32
7.76208153053775e-243	0.838916545397153	1	0.993	2.61535575089939e-238	c4	RPL3
3.2894196626197e-240	0.708003766347293	1	0.997	1.10833706112308e-235	c4	TPT1
3.83225240103199e-237	0.749172271172038	1	0.993	1.29123912400372e-232	c4	RPS3A
4.43405486745301e-228	0.613380030237218	0.999	0.998	1.49401044703962e-223	c4	RPS3
5.63384407399765e-220	0.59881434315001	1	0.997	1.89826742229277e-215	c4	RPS13
1.67101247138924e-216	1.43362956255887	0.959	0.484	5.63030942109891e-212	c4	IL7R
3.89269785369649e-208	0.525247170640428	1	0.998	1.3116056148245e-203	c4	RPL18A
3.25084791453052e-200	0.914930715011557	0.992	0.9	1.09534069632191e-195	c4	EEF1G
6.5661590524062e-200	0.537834564683631	0.999	0.997	2.21240163111774e-195	c4	RPS27A
7.07954769327081e-199	0.587271409211292	1	0.995	2.38538279977067e-194	c4	RPL8
1.17500063046611e-198	0.934913339915471	0.992	0.925	3.9590471242925e-194	c4	EEF1B2
5.69001280381487e-197	0.612665643122602	1	0.998	1.91719291411738e-192	c4	RPS18
1.58490110811958e-190	0.465260082071995	1	0.999	5.3401657936981e-186	c4	RPL39
2.23388658979243e-189	0.529643220414584	1	0.997	7.52685747564662e-185	c4	RPS23
6.4858690176507e-189	0.494949520210112	1	0.998	2.18534870680723e-184	c4	RPS28
1.75247368272314e-188	0.529053356626989	0.999	0.997	5.90478482656734e-184	c4	RPS4X
3.17585526728447e-188	0.50972714530195	1	0.997	1.07007267375883e-183	c4	RPL34
2.59997953137564e-186	0.515746917120375	1	0.998	8.76037103301708e-182	c4	RPL30
6.47594816621826e-185	2.24981466881164	0.443	0.096	2.18200597512558e-180	c4	S1PR1
8.02816088803247e-185	0.485072638706072	0.999	0.997	2.70500852961366e-180	c4	RPL11
1.22121248982894e-183	0.516836551728956	1	0.997	4.11475336322964e-179	c4	RPL18
6.79897481907611e-182	0.778610900875103	0.996	0.955	2.29084657553951e-177	c4	EEF2
8.79426140456693e-179	0.622100136275264	1	0.988	2.96313843765478e-174	c4	RPS10
2.30137913508436e-175	0.950362141751969	0.998	0.904	7.75426685775326e-171	c4	MT-ND3
3.31147514488461e-175	0.535520782274401	1	0.997	1.11576843531742e-170	c4	RPS14
4.65622672259521e-175	0.461588856679891	1	0.998	1.56886903191123e-170	c4	RPL19
1.04163532037307e-173	0.609836821335787	1	0.995	3.50968604846504e-169	c4	RPS6
2.34904590667707e-170	0.473666775938736	0.999	0.997	7.91487527795771e-166	c4	RPS21
1.77980663842409e-162	1.79096455330668	0.674	0.273	5.99688048750613e-158	c4	PASK
8.66752350409382e-162	0.470667877949393	1	0.997	2.92043536946937e-157	c4	RPL14
2.12266316763643e-161	0.672655667210091	0.996	0.98	7.1521012770342e-157	c4	RPS2
4.61726914134508e-158	0.48929544767331	1	0.997	1.55574266448481e-153	c4	RPS25
4.81605855035279e-156	0.432898265992772	1	0.999	1.62272276795587e-151	c4	RPLP1
1.68490699225834e-155	0.74079092456087	0.999	0.989	5.67712561971526e-151	c4	RPS16
7.11479548719735e-155	0.573476169484603	1	0.991	2.39725919145627e-150	c4	RPL9
1.18195946639614e-140	0.602147811423451	0.999	0.987	3.98249422607517e-136	c4	RPL5
3.83151134751677e-138	1.60366537329301	0.593	0.214	1.2909894334323e-133	c4	GPR183
2.06793162800658e-137	0.335232906867284	1	0.999	6.96768882740537e-133	c4	AC090498.1
2.42501834692992e-137	2.11424099690012	0.367	0.085	8.17085681814567e-133	c4	PLAC8
3.55158565955161e-137	0.676751022541823	0.998	0.969	1.19667127212932e-132	c4	RPSA
8.36062807520358e-132	0.408182846205646	1	0.997	2.81703002365909e-127	c4	RPL36
4.10357235108925e-131	1.77811079915434	0.419	0.114	1.38265766797601e-126	c4	LEF1
1.05428886839663e-130	0.499554836495773	1	0.989	3.55232091317559e-126	c4	GNB2L1
3.72456361855682e-126	0.41264006687706	1	0.997	1.25495446563653e-121	c4	RPL29
3.85909739152875e-123	0.443468063848375	0.998	0.993	1.3002842751017e-118	c4	RPLP2
6.97259073202795e-116	0.423722579823623	1	0.994	2.3493447212495e-111	c4	RPS9
1.918446622773e-114	2.53240688766514	0.223	0.037	6.46401405077134e-110	c4	SPINT2
3.90640066758735e-112	0.633139731191178	0.996	0.964	1.31622264093688e-107	c4	MT-ATP8
2.93165770587662e-111	0.497264369510412	0.997	0.988	9.87792747418067e-107	c4	RPL17
3.98465601580332e-111	0.637054403231985	0.998	0.971	1.34258999796477e-106	c4	MT-CO2
1.65272209427859e-108	0.629460462802583	0.988	0.944	5.56868182446227e-104	c4	RPL4
4.74904417442179e-107	0.465505897981697	0.999	0.986	1.60014294412968e-102	c4	RPL22
4.03717916055763e-106	0.958704288913427	0.795	0.405	1.36028714635829e-101	c4	LTB
7.54761030096622e-106	1.80393822635014	0.373	0.108	2.54309181480756e-101	c4	SORL1
3.71184665884359e-105	0.598806051033534	0.998	0.97	1.25066961323076e-100	c4	SARAF
1.30803948037998e-103	0.704514179932461	0.995	0.907	4.40730822519232e-99	c4	MT-CYB
1.32145801357458e-103	0.349665019275639	1	0.997	4.45252063093818e-99	c4	RPL35A
1.4578906522497e-97	0.622731233635712	0.995	0.945	4.91221676369014e-93	c4	MT-CO3
8.52047501967894e-97	1.65946015612163	0.41	0.137	2.87088885313062e-92	c4	ICAM2
1.18880772116739e-95	0.339774612330019	0.999	0.998	4.0055687357014e-91	c4	RPL7A
1.72378299092389e-92	2.47259245546182	0.183	0.031	5.80811440961895e-88	c4	C1orf162
1.6861935056608e-89	1.21827434263418	0.661	0.345	5.6814603979735e-85	c4	IMPDH2
5.25191955612644e-89	0.494805785665247	0.996	0.961	1.76958177524124e-84	c4	RPL38
5.08851993494055e-87	0.324943057687126	1	0.998	1.71452590687887e-82	c4	RPL37
1.4485577915496e-85	0.682594800934499	0.979	0.825	4.88077062284724e-81	c4	MT-ND1
6.06020223851837e-85	2.17472600554594	0.214	0.045	2.04192454224638e-80	c4	LDLRAP1
4.04404576855252e-82	1.88542690822252	0.254	0.065	1.36260078125609e-77	c4	CCR4
1.15161229015591e-80	1.36962626294701	0.406	0.147	3.88024245045132e-76	c4	TCF7
4.56407538537229e-79	0.490443421864772	0.997	0.972	1.53781956034734e-74	c4	MT-ND4L
1.90711233893863e-78	0.396966381854213	1	0.99	6.42582431481983e-74	c4	RPL21
1.40723450698806e-77	1.27899186867017	0.4	0.144	4.74153594784556e-73	c4	KLF2
2.5890160548496e-75	1.641529168415	0.312	0.1	8.72343069521023e-71	c4	THEM4
2.44407715018461e-74	2.88646873162824	0.115	0.015	8.23507354983201e-70	c4	CSGALNACT1
9.10445207871797e-73	0.775614138672843	0.871	0.65	3.06765408340323e-68	c4	EIF4B
5.15117596066836e-69	2.53177169817409	0.133	0.022	1.7356372281876e-64	c4	PCSK1N
8.61255340996246e-69	0.283296678466423	1	0.999	2.90191374595275e-64	c4	RPS19
1.09338931414412e-66	0.542806665360037	0.962	0.876	3.6840659550772e-62	c4	RPS4Y1
2.44684910157319e-66	0.697316077478942	0.879	0.699	8.2444133628407e-62	c4	GLTSCR2
4.40801396375302e-64	0.344332694319807	0.998	0.989	1.48523622494694e-59	c4	RPL35
9.28836818068699e-64	0.555080879900252	0.992	0.974	3.12962277480067e-59	c4	FTH1
1.62730652377838e-63	1.1627124950578	0.491	0.238	5.48304660121889e-59	c4	PABPC4
5.34351918568824e-63	1.52726011127033	0.294	0.101	1.8004453544258e-58	c4	SH3YL1
1.02555986255181e-62	0.544425960832867	0.959	0.808	3.45552140088207e-58	c4	MT-ND2
1.02587587516533e-62	0.217495491583239	1	0.999	3.45658617378206e-58	c4	RPL28
1.37912381237456e-62	0.422344420726046	0.996	0.969	4.64681977341485e-58	c4	MT-ATP6
1.05419507104077e-61	0.374756654321138	0.991	0.967	3.55200487236477e-57	c4	RPL27
2.04607803709949e-61	0.408856992567523	0.989	0.961	6.89405533820301e-57	c4	RPL10A
3.86696174938841e-61	3.95687359852359	0.074	0.007	1.30293409183893e-56	c4	CTSL
1.01262091776622e-59	0.965691328413781	0.576	0.306	3.4119249203215e-55	c4	SLFN5
1.24471100607851e-58	0.646669136003743	0.885	0.723	4.19392926388092e-54	c4	EIF3E
2.69914215260201e-58	0.23484713164926	1	0.999	9.09448956897721e-54	c4	RPS27
5.30207506210654e-57	1.40938347972345	0.22	0.065	1.78648117142618e-52	c4	MYC
8.10820356338423e-57	0.962875368208067	0.542	0.287	2.73197810864668e-52	c4	ABLIM1
1.31176425849319e-56	0.832677372605304	0.63	0.361	4.41985849256696e-52	c4	CD55
9.33087553471812e-56	0.987974178667036	0.541	0.283	3.14394520266792e-51	c4	GIMAP1
3.32377064137701e-55	2.5528152333902	0.095	0.013	1.11991127990557e-50	c4	ANK3
2.17371769006698e-53	0.275613019288611	0.998	0.995	7.32412438491169e-49	c4	RPL15
1.50734642221807e-52	1.14195548396546	0.317	0.125	5.07885303502158e-48	c4	MAL
1.79690877847486e-52	1.52223891465465	0.215	0.066	6.05450443819318e-48	c4	STMN3
5.02788066744581e-52	3.34928429430886	0.061	0.005	1.69409411208919e-47	c4	RP4-575N6.4
5.21664739481119e-52	0.273367770454837	0.998	0.993	1.75769717320768e-47	c4	RPL23A
8.8758702979825e-51	0.454108679403201	0.952	0.878	2.99063573820222e-46	c4	RPL27A
1.13477352311806e-50	0.220402116441547	0.999	0.998	3.82350590879399e-46	c4	FAU
2.34613527799396e-50	0.756324202509642	0.749	0.517	7.90506820567285e-46	c4	ANKRD12
9.91566640130225e-50	1.11964858162502	0.368	0.163	3.34098463725478e-45	c4	SATB1
1.60965510453306e-49	2.54540621774497	0.106	0.019	5.4235719092137e-45	c4	FBLN5
3.5127582710526e-49	0.214526800894054	0.999	0.998	1.18358877184846e-44	c4	RPS15
4.99313258869445e-49	4.34178568441924	0.046	0.002	1.68238609443471e-44	c4	KRT1
1.39895831110049e-48	2.40312489188791	0.115	0.024	4.71365013342198e-44	c4	RP11-712B9.2
3.17165030452932e-47	0.721506661734881	0.708	0.451	1.06865585360811e-42	c4	S100A11
4.25290960311592e-47	0.718494919150744	0.572	0.325	1.43297536167388e-42	c4	TXNIP
6.84684002257865e-46	0.208243091305981	1	0.998	2.30697427720765e-41	c4	RPL26
3.78145072982719e-44	0.377509683931954	0.974	0.906	1.27412200890797e-39	c4	FXYD5
5.38767835279148e-44	2.11652456898467	0.099	0.019	1.81532434418956e-39	c4	NSG1
1.26025130112152e-43	0.826949669561348	0.612	0.387	4.24629073399886e-39	c4	CAMK4
5.19546357527739e-43	2.24038612710829	0.097	0.019	1.75055949705396e-38	c4	NBPF1
5.25138785541493e-43	2.88952448434816	0.057	0.006	1.76940262400351e-38	c4	NEFL
5.53982202600652e-43	0.444174402849789	0.959	0.855	1.86658763344264e-38	c4	TOMM7
2.25170225270279e-42	0.947576998565792	0.442	0.229	7.58688557025677e-38	c4	MT-ND6
2.44138897598239e-40	1.46152839575326	0.215	0.078	8.22601601567507e-36	c4	FXYD1
4.77959346056305e-40	1.88080332153868	0.142	0.04	1.61043622060211e-35	c4	AQP3
4.90366461681981e-40	0.387452884740306	0.968	0.887	1.65224075599127e-35	c4	RPL7
8.65735691164286e-40	2.50363759572508	0.096	0.02	2.91700983780894e-35	c4	ACTN1
6.6694798888049e-39	1.99265160577053	0.11	0.026	2.24721455373392e-34	c4	LSR
6.69416303942911e-38	0.22802708553249	0.997	0.995	2.25553129450525e-33	c4	NACA
7.537093264956e-38	0.617123831987944	0.627	0.385	2.53954820469428e-33	c4	GIMAP7
8.56696986119625e-38	1.01630840300685	0.536	0.339	2.88655482503146e-33	c4	NOSIP
1.29149552645055e-37	0.439658030253609	0.932	0.811	4.35156502682248e-33	c4	LDHB
7.38193923659983e-37	0.219453978464705	1	0.996	2.48727060637995e-32	c4	RPS29
9.24773294027988e-37	1.54496121103377	0.275	0.126	3.1159311368979e-32	c4	NSMCE1
6.8007493591412e-36	2.12691479365392	0.09	0.019	2.29144448906904e-31	c4	SNED1
8.46277994736216e-36	2.60385168826096	0.065	0.01	2.85144907546421e-31	c4	RNF130
3.3442963754422e-35	1.19890242026766	0.228	0.091	1.1268272207415e-30	c4	SELM
1.21968748851021e-34	1.10377246297015	0.234	0.095	4.10961502378631e-30	c4	PXN
2.8006479401076e-34	2.549310722585	0.061	0.009	9.43650316939856e-30	c4	LINC01215
4.34134764856436e-34	0.989834808544646	0.399	0.221	1.46277367670728e-29	c4	C1QBP
4.39370433650977e-34	1.42913481068187	0.167	0.057	1.4804147391436e-29	c4	BACH2
5.90592332017648e-34	2.02128761130693	0.096	0.023	1.98994180350026e-29	c4	CTB-133G6.1
2.01880578437056e-33	1.06014329211948	0.272	0.122	6.80216420985818e-29	c4	NBPF15
9.82457949039382e-32	0.249482574277341	0.996	0.985	3.31029381349329e-27	c4	EEF1D
1.26886038672265e-31	0.972799493334957	0.232	0.098	4.27529818702331e-27	c4	SC5D
2.58163919279598e-31	1.80777101738712	0.111	0.031	8.69857509620678e-27	c4	FBLN7
2.93559886929227e-31	0.228334306288684	0.974	0.875	9.89120683019338e-27	c4	ZFP36L2
5.94955010230429e-31	1.24990920926421	0.209	0.087	2.00464141147041e-26	c4	TMEM204
4.49940053420309e-30	1.05409873685269	0.3	0.15	1.51602801599439e-25	c4	TESPA1
1.10688208901562e-29	0.238237876016931	0.998	0.982	3.72952851072924e-25	c4	UBA52
1.17958891239479e-29	1.65710936894563	0.127	0.041	3.974506881423e-25	c4	FXYD7
1.26670057522684e-29	0.375847841169023	0.937	0.862	4.26802091816932e-25	c4	VIM
4.08132440744928e-29	0.593138184181922	0.704	0.507	1.37516144584596e-24	c4	EIF3L
5.4882239356891e-29	0.76678008736802	0.355	0.188	1.84920217289108e-24	c4	FAM65B
7.36102155101749e-29	2.05787479182204	0.066	0.013	2.48022260139983e-24	c4	UNC45B
1.04217015443908e-28	3.96987270073662	0.029	0.002	3.51148811836705e-24	c4	TMEM45B
2.05497118372936e-28	0.664308527948795	0.548	0.358	6.9240199064577e-24	c4	SEPT6
3.33235948981862e-28	0.863041412858772	0.375	0.212	1.12280520649949e-23	c4	ADK
6.98376952886531e-28	0.786561394754023	0.387	0.219	2.35311130505588e-23	c4	MGST3
7.34468425976847e-28	1.00479428881165	0.252	0.119	2.47471791448639e-23	c4	RCAN3
1.14655624227695e-27	1.32747913928259	0.161	0.061	3.86320660272794e-23	c4	LINC00623
3.7511015134364e-27	0.351502577641478	0.938	0.856	1.26389614393726e-22	c4	RPL13A
6.9462076990855e-27	4.32905211993384	0.024	0.001	2.34045522212987e-22	c4	NOG
1.72757777074132e-26	1.23954643419896	0.183	0.076	5.8209005407358e-22	c4	TIMP1
2.10723955081006e-26	0.726275328641474	0.369	0.207	7.10013294249941e-22	c4	CCDC109B
2.18979134849185e-26	2.28254084298897	0.053	0.009	7.37828296960845e-22	c4	EDA
3.26655075125961e-26	0.659600225064449	0.509	0.327	1.10063161012941e-21	c4	AES
1.39443362483159e-25	1.95230151159217	0.064	0.014	4.69840465550755e-21	c4	NME4
1.61691542165104e-25	2.58186631563176	0.044	0.006	5.44803482171102e-21	c4	TCEA3
2.44260355974802e-25	1.38057393621131	0.125	0.043	8.23010843421499e-21	c4	SMIM14
2.80963690107378e-25	3.13740081056072	0.032	0.003	9.46679057447798e-21	c4	ADGRL1
2.81337794647406e-25	2.09487992908887	0.065	0.014	9.4793956528497e-21	c4	FHL1
3.43157191934703e-25	2.06485660810317	0.07	0.016	1.15623384250479e-20	c4	PLEKHB1
3.54263028965573e-25	0.756986270204458	0.371	0.215	1.1936538497966e-20	c4	FCMR
4.05494033922462e-25	0.794732058191148	0.351	0.199	1.36627159789834e-20	c4	ATM
5.2247304712053e-25	0.660026656281728	0.531	0.357	1.76042068496792e-20	c4	PDCD4
9.19408388509151e-25	1.87241515924117	0.071	0.017	3.09785462424273e-20	c4	USP46
1.81103274497106e-24	1.07351035323397	0.246	0.124	6.1020937309055e-20	c4	AP3M2
4.89802734992604e-24	1.00951343612313	0.217	0.102	1.65034133528408e-19	c4	VAT1
4.97695184051045e-24	1.39484308773163	0.103	0.033	1.67693415314159e-19	c4	SCML1
5.34812962358841e-24	0.38723640906342	0.829	0.65	1.80199879537188e-19	c4	LEPROTL1
7.5604219012809e-24	1.53207334264063	0.109	0.036	2.54740855541759e-19	c4	SPG20
9.81498242158063e-24	1.37708689549369	0.137	0.053	3.30706017712738e-19	c4	KDSR
1.95171440238616e-23	2.05621480168305	0.064	0.015	6.57610650739992e-19	c4	CYSLTR1
2.08936883729081e-23	0.203329557289729	0.999	0.993	7.03991936036767e-19	c4	RPL6
2.37748789172141e-23	0.593301812733051	0.44	0.272	8.01070770236613e-19	c4	TNFAIP8
3.92446004212709e-23	1.02660357982244	0.178	0.077	1.3223075665943e-18	c4	PLEKHA1
6.32673217134611e-23	0.265882623456081	0.989	0.924	2.13172913781336e-18	c4	PCBP2
1.30859646112225e-22	0.515661208497572	0.508	0.324	4.40918491610529e-18	c4	DYNLT1
1.76213557814172e-22	1.40861215228578	0.076	0.021	5.9373396169907e-18	c4	SCGB3A1
1.86533573283372e-22	0.996051503020444	0.197	0.092	6.28506221820993e-18	c4	FKBP5
3.28459350424579e-22	0.244062357050285	0.988	0.947	1.10671093532058e-17	c4	HINT1
3.66068152694472e-22	2.06112517574742	0.051	0.01	1.23343003368875e-17	c4	GPAT3
4.26239183102706e-22	1.81124899835604	0.082	0.024	1.43617030354626e-17	c4	CRIP2
4.52104938431937e-22	0.920899419019165	0.29	0.162	1.52332237955257e-17	c4	MSL3
5.5033998098723e-22	3.4116221530558	0.025	0.002	1.85431553193837e-17	c4	USP44
6.07226935683429e-22	1.93243230444304	0.058	0.013	2.04599043709175e-17	c4	RARG
6.17554899686851e-22	0.359390787335347	0.878	0.748	2.08078947900488e-17	c4	EIF3F
6.43863069027402e-22	3.24734416427216	0.027	0.003	2.16943222478093e-17	c4	ZNF467
7.98795198807268e-22	0.810242613887692	0.303	0.17	2.69146054286121e-17	c4	SRSF8
1.04534734885742e-21	0.206477632210785	0.997	0.977	3.5221933572402e-17	c4	PFDN5
1.17543697241185e-21	0.542772138461937	0.472	0.296	3.9605173348445e-17	c4	PRDX2
1.28034564473194e-21	0.236661652017559	0.977	0.937	4.31399661535979e-17	c4	RPL31
1.30529984356312e-21	1.09699545587415	0.149	0.062	4.39807729290158e-17	c4	ZBTB20
1.37647783161748e-21	1.15921766552103	0.151	0.064	4.63790440585195e-17	c4	NT5C3B
2.77293115462539e-21	0.823531012154164	0.346	0.211	9.34311423239479e-17	c4	CFAP36
2.86255054806462e-21	0.462230003527482	0.678	0.509	9.64507781664892e-17	c4	APRT
7.50167485502771e-21	1.0601786815844	0.148	0.062	2.52761432565304e-16	c4	RASGRP2
8.87502659707629e-21	0.989304074474924	0.192	0.09	2.99035146161889e-16	c4	BEX2
9.14665002358913e-21	0.28226800410014	0.919	0.828	3.08187225894812e-16	c4	SERP1
1.71029164186675e-20	1.9420221179176	0.04	0.007	5.76265665810584e-16	c4	GREM2
2.66505401188982e-20	1.37370322281449	0.097	0.033	8.97963298766155e-16	c4	CMTM8
2.88612752759063e-20	0.952791391505658	0.161	0.071	9.72451809146388e-16	c4	DHRS3
2.90658752503072e-20	0.347152733140803	0.879	0.771	9.7934560068385e-16	c4	SLC25A6
6.67243140386849e-20	1.36088950752108	0.102	0.037	2.24820903721945e-15	c4	APP
1.18895785779743e-19	0.210721427615479	0.973	0.936	4.00607460606266e-15	c4	RPL36A
2.03767392423414e-19	2.46883895798468	0.036	0.006	6.8657385203145e-15	c4	SLC40A1
2.37488732996357e-19	0.46660925876787	0.563	0.388	8.00194536957924e-15	c4	PEBP1
3.13256489993077e-19	3.04761079192061	0.025	0.003	1.05548641738267e-14	c4	F2RL1
4.81850825403681e-19	0.485907900492131	0.378	0.23	1.62354817111516e-14	c4	PBXIP1
7.66907342667857e-19	1.6786691655016	0.071	0.021	2.58401760038508e-14	c4	GSTM3
1.05133345645756e-18	0.593508704119638	0.393	0.249	3.54236294818811e-14	c4	TNIK
1.45330438893532e-18	0.493030243386886	0.501	0.35	4.89676380807868e-14	c4	RGCC
1.86765461395396e-18	0.855317050740258	0.216	0.113	6.29287545625648e-14	c4	TRAPPC6A
2.12901747061998e-18	3.14872516725744	0.027	0.003	7.17351146550695e-14	c4	IGF1R
2.18796338126797e-18	0.113245583817947	1	0.998	7.3721238168443e-14	c4	RPL12
2.505697480678e-18	0.545001234421051	0.546	0.397	8.44269709139644e-14	c4	PPA1
2.66982324894109e-18	1.21435622161655	0.185	0.095	8.99570245498211e-14	c4	TSHZ2
3.10762978975283e-18	3.25149917645365	0.026	0.003	1.04708478135932e-13	c4	SEPT10
3.18195242501082e-18	1.33029242885504	0.092	0.032	1.07212705008315e-13	c4	SFMBT1
8.72413926734667e-18	0.617407368745514	0.455	0.316	2.93951148473979e-13	c4	PRMT2
1.22746460666615e-17	0.67601889651593	0.319	0.194	4.13581924570092e-13	c4	C14orf119
1.33191513963464e-17	0.645838727694982	0.298	0.176	4.48775487148495e-13	c4	C4orf48
2.26606905555681e-17	1.69596503143948	0.05	0.012	7.63529307579311e-13	c4	NT5E
2.50527434815595e-17	4.13690225635961	0.019	0.001	8.44127138867665e-13	c4	ESPN
2.72875782940042e-17	0.452870536270773	0.58	0.423	9.19427663038176e-13	c4	TKT
2.96304800923557e-17	0.584521396419069	0.368	0.235	9.98369396231833e-13	c4	SYPL1
3.2750777894155e-17	0.394298479549614	0.717	0.545	1.10350471036566e-12	c4	CSTB
4.54974874804052e-17	0.94130411177223	0.19	0.098	1.53299234316477e-12	c4	THAP7
5.33582573436403e-17	0.641128481850091	0.332	0.205	1.79785312293662e-12	c4	TTC3
6.68679204763594e-17	0.388627179364281	0.596	0.426	2.25304771253045e-12	c4	PRDX1
7.828772280204e-17	1.4629549034968	0.076	0.025	2.63782653209194e-12	c4	SMAGP
8.55021340534119e-17	1.76755923028799	0.068	0.021	2.88090890479566e-12	c4	ZSCAN18
9.29270340978325e-17	0.13670796468894	0.696	0.511	3.13108348689237e-12	c4	TUBA1B
1.14918929898953e-16	0.357971291012955	0.436	0.279	3.87207842401532e-12	c4	DYNLT3
1.24179952608281e-16	3.3369726266872	0.017	0.001	4.18411932318341e-12	c4	SPON1
1.63144861647807e-16	0.644379888623408	0.376	0.248	5.4970029683612e-12	c4	HMGA1
1.63266913076613e-16	3.48176637362546	0.019	0.002	5.5011153692034e-12	c4	CDO1
1.91049418325094e-16	0.644916441482995	0.332	0.208	6.43721910104571e-12	c4	MAGED2
1.919255875851e-16	0.943271025730375	0.209	0.114	6.46674074809236e-12	c4	AHCY
2.24735576105235e-16	0.708654041725516	0.254	0.146	7.57224050128977e-12	c4	LINC00869
2.53591498444552e-16	0.717932587736174	0.283	0.17	8.54451194859074e-12	c4	MTERF4
2.62776185326044e-16	1.5446508042801	0.072	0.024	8.85398078837572e-12	c4	BBS2
3.62495501135069e-16	0.680594756648217	0.255	0.146	1.2213923415245e-11	c4	RP11-660L16.2
3.73339788557081e-16	0.405189508312438	0.509	0.36	1.25793108356423e-11	c4	CAST
5.27727736131189e-16	1.01039600547291	0.164	0.083	1.77812583412043e-11	c4	MARCKSL1
6.17514520842178e-16	1.19580094461527	0.127	0.058	2.08065342652563e-11	c4	ZNF32
9.37173641923906e-16	1.23425405610606	0.127	0.058	3.15771286909841e-11	c4	BMI1
9.50593316259992e-16	1.10798675233122	0.118	0.051	3.20292911980642e-11	c4	PRKCI
1.0416705875251e-15	0.893735502852797	0.18	0.094	3.50980487760706e-11	c4	C14orf1
1.0764444733137e-15	0.454054808701084	0.295	0.172	3.62697200838319e-11	c4	MGAT4A
1.09124697843002e-15	2.39664551045927	0.033	0.006	3.67684756912212e-11	c4	ZNF219
1.38043348447335e-15	0.680480431674139	0.305	0.192	4.65123258258449e-11	c4	MRPS18B
1.40679410684976e-15	0.39663878091684	0.39	0.252	4.7400520636196e-11	c4	TRAT1
1.45401420649449e-15	2.99348643606546	0.025	0.004	4.89915546736255e-11	c4	FAM213A
1.85781439495085e-15	0.844370909784896	0.16	0.08	6.25971982234741e-11	c4	ZC3H8
1.96609775021044e-15	0.17453712810071	0.993	0.983	6.62456975955904e-11	c4	RPL37A
2.23776714083582e-15	0.776383197316874	0.234	0.135	7.53993260433221e-11	c4	PGD
2.68323310624193e-15	0.750677414405927	0.207	0.114	9.04088562817156e-11	c4	FLOT1
3.70096778273407e-15	0.587685884162171	0.329	0.211	1.24700408471442e-10	c4	C19orf70
3.86045896189881e-15	3.79195136738606	0.019	0.002	1.30074304262219e-10	c4	CALD1
4.9631800968924e-15	2.35378141862252	0.032	0.006	1.67229390184693e-10	c4	TMEM150A
7.63422641709342e-15	0.54583817047121	0.357	0.235	2.57227624897546e-10	c4	EPB41
7.89476047324261e-15	0.932779863266756	0.162	0.083	2.66006059385436e-10	c4	SCOC
8.68748672813608e-15	0.626595401424155	0.328	0.212	2.92716177817817e-10	c4	IL4R
9.40122487981155e-15	0.529867614466739	0.368	0.242	3.1676487110037e-10	c4	PDCD5
1.10604744380247e-14	0.720198563218159	0.181	0.094	3.72671625714803e-10	c4	TLE4
1.55741929640453e-14	1.86240139196302	0.036	0.008	5.24756857730542e-10	c4	FAM169A
1.90282290416366e-14	3.38479413856011	0.022	0.003	6.41137149328904e-10	c4	FAM153B
2.09955697514609e-14	1.33332857067623	0.071	0.025	7.07424727205724e-10	c4	SORBS3
2.21177121016828e-14	2.73819595198874	0.022	0.003	7.45234191554102e-10	c4	ACVR1C
2.28514848216948e-14	0.677704357666556	0.242	0.143	7.69957929582185e-10	c4	AIM1
2.29752034689711e-14	0.347599911813552	0.755	0.629	7.74126505683512e-10	c4	ERP29
3.31333097933709e-14	0.249295311149059	0.926	0.815	1.11639374017784e-09	c4	MT-ND5
3.51593585103405e-14	0.988923947906707	0.138	0.068	1.18465942564741e-09	c4	FAM175A
4.33359813538651e-14	1.78293114281251	0.048	0.013	1.46016255573713e-09	c4	RALGPS2
5.28840284753702e-14	1.44712346729444	0.076	0.029	1.78187445544912e-09	c4	SLC8B1
6.00392916914405e-14	1.26085597763668	0.078	0.03	2.0229638942514e-09	c4	LYPD3
6.56993843490014e-14	2.78509324153168	0.022	0.003	2.21367505625525e-09	c4	EXPH5
6.89303535502699e-14	2.50380512212618	0.022	0.003	2.32253933252279e-09	c4	VIPR1
7.17305514991896e-14	1.25275644386279	0.077	0.029	2.41688920221369e-09	c4	RP11-1000B6.3
8.0145391839475e-14	0.873794732827739	0.167	0.089	2.70041883263927e-09	c4	ARRDC2
8.53416815160202e-14	2.26114651821107	0.026	0.005	2.87550261700079e-09	c4	TMIGD2
9.87043776771383e-14	2.47696269131596	0.027	0.005	3.3257453014535e-09	c4	ACVR2A
1.0068616393948e-13	2.33726073351011	0.027	0.005	3.39251960777683e-09	c4	PFN2
1.14123794439063e-13	4.39826581029882	0.012	0.001	3.84528712982979e-09	c4	ST6GALNAC1
1.24940672439036e-13	0.404314543497911	0.416	0.28	4.20975101716089e-09	c4	TUBB4B
1.56854199088597e-13	0.820076199558568	0.163	0.086	5.28504538409118e-09	c4	ZSWIM7
1.67291137643343e-13	1.56942234202978	0.046	0.013	5.63670759175479e-09	c4	ZMAT1
1.84719042449584e-13	1.20209910332883	0.088	0.036	6.22392341629628e-09	c4	PRKD3
2.00281909690707e-13	2.03736909541077	0.031	0.006	6.74829866511868e-09	c4	HOOK1
2.19019390787641e-13	1.67025638784228	0.049	0.015	7.37963935319878e-09	c4	RP11-421L21.3
2.29818213536102e-13	0.589477893486598	0.314	0.203	7.7434948868854e-09	c4	TMEM256-PLSCR3
2.82404458584964e-13	0.591580683746996	0.161	0.085	9.51533582756179e-09	c4	FAAH2
2.90494405435429e-13	0.501199423464582	0.393	0.269	9.78791849674135e-09	c4	IL16
2.97335160762523e-13	0.361991252578497	0.606	0.458	1.00184109067325e-08	c4	EIF3D
3.72445522350665e-13	0.56824291149131	0.429	0.308	1.25491794300833e-08	c4	GLIPR1
3.78112247982297e-13	4.1859673743789	0.011	0.001	1.27401140835155e-08	c4	C14orf132
4.05968878206042e-13	1.31328669033589	0.058	0.019	1.36787153822744e-08	c4	INADL
4.82801528983537e-13	1.74500052329903	0.039	0.01	1.62675147175713e-08	c4	LDOC1
5.36440640268072e-13	1.87732454894691	0.033	0.007	1.80748309331924e-08	c4	C8orf88
5.49993171359155e-13	0.865018752136908	0.183	0.104	1.85314699157754e-08	c4	PTTG1IP
7.52873025948688e-13	0.391828093351616	0.516	0.379	2.53673037363151e-08	c4	EIF2S3
7.72443525677631e-13	0.157078381683329	0.991	0.966	2.60267121541821e-08	c4	NPM1
1.36460278169118e-12	0.857685033042717	0.15	0.08	4.59789261263025e-08	c4	SDAD1
1.386052395947e-12	2.08392259859999	0.031	0.007	4.67016494290382e-08	c4	ZNF208
1.44400321964005e-12	0.474303835072693	0.43	0.308	4.86542444825518e-08	c4	CCT3
1.44481637306423e-12	0.116409551892052	1	0.997	4.8681642874026e-08	c4	RPS7
1.48833713835433e-12	2.06553038915835	0.033	0.008	5.01480315397107e-08	c4	RP11-356J5.12
1.73045407943352e-12	0.114712296566486	0.999	0.995	5.83059197524329e-08	c4	RPL24
1.74314884503449e-12	0.708751502921735	0.184	0.104	5.87336571845923e-08	c4	TMEM106B
1.75981547648175e-12	0.745354971247771	0.218	0.132	5.9295222664576e-08	c4	OXLD1
1.76024843643318e-12	1.25221548029661	0.058	0.02	5.93098108171795e-08	c4	TXK
2.1371033679288e-12	1.49779977648047	0.062	0.022	7.20075608789929e-08	c4	MMAB
2.20642329091616e-12	1.03111347194357	0.084	0.035	7.43432263641292e-08	c4	CLN5
2.54347452127193e-12	0.540017140715114	0.272	0.174	8.56998305197363e-08	c4	NHP2
2.61896435327693e-12	6.53734462684315	0.007	0	8.82433849193128e-08	c4	CCL27
2.96210060323555e-12	0.540361777454365	0.293	0.19	9.98050177254187e-08	c4	TRADD
3.27700480174593e-12	0.640206990724254	0.224	0.136	1.10415399790027e-07	c4	GIMAP5
5.03435982843391e-12	1.59821339945634	0.049	0.016	1.69627720059252e-07	c4	TRBV5-6
5.2890964440108e-12	0.845410168769343	0.127	0.064	1.782108155845e-07	c4	NAT9
5.31546852434364e-12	0.770283416352292	0.171	0.096	1.79099396459235e-07	c4	RGS14
5.38077219216148e-12	1.79909143712346	0.036	0.009	1.81299738242689e-07	c4	TJP3
5.53968984619022e-12	0.649386911182557	0.224	0.136	1.86654309677533e-07	c4	PRKDC
6.95372173495027e-12	0.837727162579505	0.17	0.096	2.34298700137415e-07	c4	IPO5
7.11267082373808e-12	1.64229826491631	0.032	0.007	2.39654330735031e-07	c4	VSIG1
7.32317689917454e-12	0.592081673782636	0.263	0.167	2.46747122440787e-07	c4	CRBN
7.80094960951407e-12	2.31932709332884	0.026	0.005	2.62845196142967e-07	c4	EGLN3
7.88431973627021e-12	0.225494513085179	0.859	0.719	2.65654269193889e-07	c4	GPX4
8.42975580426242e-12	0.173594648978886	0.638	0.473	2.84032192068818e-07	c4	GIMAP4
1.0137068976231e-11	1.01605959262343	0.115	0.057	3.41558402085126e-07	c4	ST6GAL1
1.03811381216195e-11	0.433544387312541	0.407	0.287	3.49782067869847e-07	c4	TMEM243
1.11051648292926e-11	0.896300651933238	0.137	0.073	3.74177423758185e-07	c4	CHMP7
1.18154567692661e-11	2.56517490130682	0.02	0.003	3.98110000383651e-07	c4	NCMAP
1.27379177515143e-11	1.80499039328931	0.036	0.01	4.29191400719522e-07	c4	AC097713.4
1.34618143595857e-11	1.43687094936786	0.051	0.017	4.53582373031882e-07	c4	CAPG
1.37555407826369e-11	0.293675249881125	0.646	0.497	4.63479191130167e-07	c4	CTD-2192J16.22
1.49492972202811e-11	0.764486506058371	0.117	0.057	5.03701620540152e-07	c4	PTGER2
1.70826975833696e-11	0.848454924259262	0.131	0.068	5.75584412374057e-07	c4	ZNF250
1.78448372709906e-11	0.758139171417583	0.178	0.103	6.01263947008758e-07	c4	ARL2
1.90636516725098e-11	2.24627371017085	0.028	0.006	6.42330679453544e-07	c4	CRYBG3
1.96202656372267e-11	1.97393017038512	0.024	0.005	6.61085230380717e-07	c4	RP11-382A20.3
2.15952683993361e-11	0.60080458938428	0.277	0.18	7.2763097344723e-07	c4	CTD-3184A7.4
2.18111373732346e-11	0.308610020769173	0.632	0.498	7.34904462653765e-07	c4	TMEM123
2.64516238403309e-11	0.799845776743101	0.155	0.087	8.91261013676109e-07	c4	ACAT2
2.83043949008731e-11	1.22144047030752	0.052	0.018	9.53688281790019e-07	c4	CYB561
3.29859294513809e-11	0.164242202946314	0.966	0.926	1.11142790693483e-06	c4	RPS11
3.70836120129047e-11	0.89961454271263	0.134	0.071	1.24949522316281e-06	c4	GNPDA1
3.76176025302404e-11	0.651577481377788	0.239	0.153	1.26748749965392e-06	c4	VPS51
4.07620489834696e-11	1.46995338133428	0.041	0.013	1.37343647844902e-06	c4	SVIL
4.10028679522208e-11	0.267965648090241	0.516	0.376	1.38155063278213e-06	c4	SEPW1
4.49285127189573e-11	0.478265242029503	0.308	0.208	1.51382130755255e-06	c4	TUBA1C
4.71844780694785e-11	0.907318614799786	0.118	0.06	1.58983380407301e-06	c4	NFIC
4.77915238990062e-11	0.581511950920937	0.206	0.124	1.61028760625311e-06	c4	POLE3
5.17331744730608e-11	0.51383974512234	0.118	0.059	1.74309758069531e-06	c4	CD40LG
5.52511827999367e-11	0.53993503571422	0.317	0.217	1.86163335326107e-06	c4	DAP3
5.77093430067625e-11	2.03259623805688	0.026	0.006	1.94445860326986e-06	c4	NCKAP5L
6.05627747927588e-11	1.39274616823706	0.071	0.03	2.04060213386722e-06	c4	DPH5
6.59154836288168e-11	2.67635479235996	0.016	0.002	2.22095630538935e-06	c4	HPCAL4
6.60096296186519e-11	0.603088799160605	0.186	0.11	2.22412846037086e-06	c4	GPR132
6.72512190597239e-11	0.613107246630382	0.223	0.14	2.26596257499834e-06	c4	ACD
7.04367659328815e-11	1.52718314026236	0.047	0.016	2.37329639134251e-06	c4	TMCO6
7.29036984050225e-11	1.18947729261475	0.083	0.037	2.45641721405883e-06	c4	ADAM15
8.02308130240528e-11	1.56117587794834	0.039	0.012	2.70329701403244e-06	c4	PAXIP1-AS2
8.31057090538591e-11	1.62280093750913	0.038	0.011	2.80016376086073e-06	c4	GRAP
9.91934886625347e-11	0.501858224755481	0.292	0.198	3.34222540699544e-06	c4	ADD3
1.16753597250496e-10	0.748497890827043	0.124	0.065	3.93389570575821e-06	c4	C1orf228
1.20715471341112e-10	1.14295430428349	0.078	0.034	4.06738709136741e-06	c4	TSPAN3
1.20848288895324e-10	1.63888223108298	0.044	0.014	4.07186224603904e-06	c4	C1orf54
1.34840749154881e-10	1.38243517669545	0.05	0.018	4.54332420202457e-06	c4	LINC00243
1.3666560240356e-10	0.420621430907154	0.376	0.264	4.60481080738556e-06	c4	CHCHD3
1.47246492484144e-10	0.50876481978863	0.317	0.218	4.96132331776073e-06	c4	STK38
1.57253561094197e-10	0.955135958492514	0.078	0.034	5.29850148750786e-06	c4	NCDN
1.63432296757913e-10	1.08721736227994	0.093	0.044	5.50668780696112e-06	c4	SERPINB6
1.70381766834247e-10	2.25659819932282	0.026	0.006	5.74084325171313e-06	c4	RP4-594I10.3
1.75962978976475e-10	0.437351932773666	0.337	0.233	5.92889661363334e-06	c4	CCND3
1.82641365825647e-10	0.642870460642048	0.191	0.115	6.15391818012935e-06	c4	NAAA
1.8660499737862e-10	0.609473483159036	0.355	0.263	6.28746878167523e-06	c4	GATA3
1.92491778773361e-10	0.599964299607254	0.211	0.132	6.48581799398963e-06	c4	ARL2BP
2.10076876709689e-10	1.00863948800625	0.103	0.052	7.07833028385627e-06	c4	LRRC8D
2.11753464585085e-10	3.24199299452634	0.013	0.001	7.13482123572986e-06	c4	TNFRSF11A
2.23233753795708e-10	2.68594495075191	0.013	0.001	7.52163810039258e-06	c4	KRT73-AS1
2.41014212437403e-10	0.715249326193002	0.058	0.022	8.12073287386587e-06	c4	PLAUR
2.7713792582268e-10	0.326573162604636	0.651	0.538	9.33788527266937e-06	c4	SMCHD1
2.84472072761943e-10	0.673030785582556	0.184	0.112	9.5850020196409e-06	c4	TNFRSF25
2.99169644080001e-10	0.24677497947193	0.626	0.471	1.00802219876316e-05	c4	MRPS6
3.16096535706451e-10	0.347990128229874	0.404	0.287	1.06505566740932e-05	c4	TALDO1
3.1785898007218e-10	1.37978875897893	0.053	0.02	1.0709940474552e-05	c4	TNFRSF10A
3.19268440059082e-10	0.404609979442916	0.408	0.297	1.07574308193507e-05	c4	APEX1
3.27861567224026e-10	2.6529315188617	0.015	0.002	1.10469676460463e-05	c4	NEFM
3.34450564245929e-10	2.37102749171675	0.019	0.003	1.12689773117023e-05	c4	NMNAT3
3.34964948534903e-10	2.46598014168245	0.019	0.003	1.1286308975935e-05	c4	AXIN2
3.93726103765208e-10	0.144028325525599	0.992	0.966	1.32662073402649e-05	c4	BTF3
4.08497984957236e-10	0.919617412968021	0.126	0.069	1.37639311051491e-05	c4	ADI1
4.13175466492534e-10	0.739914505808631	0.171	0.103	1.39215341679994e-05	c4	KLRB1
4.19797254004058e-10	0.593513456328474	0.214	0.135	1.41446486764127e-05	c4	LYPLA2
4.82826366869667e-10	1.11673704031864	0.083	0.039	1.62683516053066e-05	c4	WDR77
4.90873660747282e-10	0.42765596702295	0.467	0.36	1.65394971252189e-05	c4	FDFT1
4.94691157756559e-10	0.382217013618949	0.346	0.242	1.66681238694495e-05	c4	CHCHD10
5.00545696160523e-10	1.11979292469198	0.07	0.03	1.68653866864327e-05	c4	LINC00662
5.17920839906845e-10	0.622043398643682	0.196	0.121	1.74508247798213e-05	c4	PSMB8-AS1
5.31137056407696e-10	0.696169734473441	0.197	0.122	1.78961319786009e-05	c4	SF3A3
6.03840398553863e-10	1.73063355472089	0.026	0.006	2.03457983888738e-05	c4	PPFIBP1
6.72232908145658e-10	1.11396581679719	0.092	0.045	2.26502156070598e-05	c4	HSD17B12
7.66438441351857e-10	1.04865843674652	0.095	0.047	2.58243768429095e-05	c4	ISYNA1
7.9468705881522e-10	2.10342290467075	0.021	0.004	2.677618575972e-05	c4	SLC22A17
8.88807456865819e-10	0.260934672557375	0.549	0.407	2.99474784516369e-05	c4	NEDD8
1.01433470443221e-09	0.494180057910404	0.331	0.235	3.4176993531139e-05	c4	MAPKAPK5-AS1
1.10828664360151e-09	0.522905680172589	0.233	0.153	3.73426101695094e-05	c4	JAGN1
1.18024087724071e-09	0.546913557909168	0.268	0.184	3.97670361177485e-05	c4	LTA4H
1.2920583061805e-09	2.23874521476708	0.022	0.005	4.35346125684459e-05	c4	MAPT
1.45370693546919e-09	1.06267540639265	0.08	0.037	4.89812014836989e-05	c4	IFT80
1.46800884593072e-09	0.526192009515191	0.227	0.147	4.94630900547896e-05	c4	CDC25B
1.47307510973896e-09	0.382082800603966	0.346	0.246	4.96337927475445e-05	c4	P2RY8
1.47801915414083e-09	0.719131439906334	0.12	0.064	4.98003773796212e-05	c4	RNF125
1.59318390405617e-09	0.568657363643351	0.17	0.101	5.36807384632686e-05	c4	BEX4
1.63021993439597e-09	2.58170315353673	0.014	0.002	5.49286304695377e-05	c4	CDH1
1.63832897086339e-09	0.615637305430704	0.169	0.101	5.52018563442712e-05	c4	CHMP3
1.65731647003406e-09	0.705454638014944	0.173	0.106	5.58416211413277e-05	c4	IL27RA
1.72296847764782e-09	0.838796742845016	0.119	0.064	5.80536998858658e-05	c4	ZNF44
1.78718899136403e-09	0.293173437951264	0.711	0.588	6.02175458750195e-05	c4	UXT
1.86375334970198e-09	0.252739004915344	0.363	0.252	6.27973053648586e-05	c4	FOXP1
2.07296964273814e-09	4.1532269137297	0.008	0	6.9846639142419e-05	c4	LINC00565
2.36465268439208e-09	1.34017751724204	0.049	0.018	7.96746075479069e-05	c4	CACNB3
2.58364631306456e-09	1.35545763248149	0.045	0.016	8.70533788723973e-05	c4	OSER1-AS1
2.7583803590405e-09	2.45633710265922	0.013	0.002	9.29408678175106e-05	c4	POU6F1
3.16280923143038e-09	0.409513773100213	0.309	0.216	0.000106567694243815	c4	RASSF7
3.32815053328619e-09	0.349889097432312	0.527	0.416	0.000112138704068545	c4	ALKBH7
3.35464777376337e-09	0.329249254830968	0.496	0.38	0.000113031502089183	c4	DDX18
3.37334241414222e-09	0.689445487202693	0.168	0.103	0.000113661399302108	c4	STAT6
3.60373911441214e-09	0.764066329327278	0.127	0.072	0.000121424385721002	c4	FAM195A
3.61904078875575e-09	1.00574202802749	0.089	0.045	0.000121939960336336	c4	SIGMAR1
3.67787888604466e-09	1.44426403791213	0.053	0.021	0.000123922451186389	c4	FAM134B
4.03682516782001e-09	2.80691729239417	0.012	0.001	0.000136016787204527	c4	FNBP1L
4.03682516782001e-09	2.97307042349327	0.012	0.001	0.000136016787204527	c4	ASB13
4.19370699401721e-09	0.900079522060146	0.093	0.047	0.000141302763456416	c4	NAGK
4.56978423425061e-09	0.890529672579338	0.09	0.045	0.00015397430998884	c4	ARHGAP5
4.80441476566876e-09	1.39863957819502	0.054	0.022	0.000161879951114443	c4	RAB20
5.20807971629106e-09	2.23486323447703	0.021	0.005	0.000175481037960711	c4	MICU3
5.31447220068739e-09	0.908739408386033	0.109	0.059	0.000179065826329961	c4	ZNF862
5.39239885488331e-09	0.14712204789679	0.978	0.954	0.000181691487016438	c4	COX4I1
5.42373548662711e-09	1.65918337165615	0.033	0.01	0.000182747343486414	c4	ADGRE1
5.46344563914259e-09	0.542895908209362	0.127	0.07	0.000184085337365271	c4	KLF3
5.48715263292484e-09	0.994689994983511	0.089	0.045	0.000184884120813769	c4	FAM65A
5.66038902458522e-09	0.999867233525404	0.081	0.039	0.000190721147794375	c4	TRABD2A
5.90753325257142e-09	0.16462357166829	0.91	0.783	0.000199048425412142	c4	CALM1
5.98490748503099e-09	3.33107869541637	0.01	0.001	0.000201655472800634	c4	GTF2IRD1
6.08942565549591e-09	0.639450693374972	0.111	0.059	0.000205177108036279	c4	CXCL16
6.11886035841876e-09	5.07740129591102	0.007	0	0.000206168880916562	c4	WWC2
6.25029272143345e-09	1.72929937258629	0.025	0.006	0.000210597362955979	c4	PABPC3
6.65036146768887e-09	0.377276298565781	0.345	0.247	0.000224077279292309	c4	RBL2
6.76111472028824e-09	0.268086461979205	0.435	0.319	0.000227808999385392	c4	POLR2L
7.38551666578252e-09	0.314979201126977	0.524	0.407	0.000248847598536876	c4	TUFM
7.71178110950131e-09	0.479564440462031	0.231	0.153	0.000259840752703537	c4	FAM102A
8.94735640013884e-09	1.3180798172071	0.034	0.011	0.000301472226546278	c4	TMOD2
9.5691547261711e-09	0.173021977365962	0.717	0.555	0.000322423099343609	c4	UQCR11
9.62404544990859e-09	0.706648433483383	0.117	0.064	0.00032427258738922	c4	SUN1
9.66367975758423e-09	0.457356815849202	0.317	0.23	0.000325608025752043	c4	RNH1
1.01844371374912e-08	0.594056842565947	0.19	0.121	0.000343154424910629	c4	ESD
1.07340019927195e-08	1.09252146178261	0.083	0.041	0.000361671463142692	c4	CYHR1
1.08811554760822e-08	0.695521549851505	0.103	0.055	0.000366629652611113	c4	C5orf45
1.11583714803573e-08	5.9576383426345	0.004	0	0.00037597016865916	c4	ARHGAP32
1.14720122538865e-08	1.3841780857211	0.035	0.011	0.000386537980882452	c4	TSGA10
1.19504322006384e-08	2.17411875982669	0.02	0.004	0.000402657862568309	c4	ANK1
1.43277516459617e-08	0.961580175592612	0.061	0.027	0.000482759263959035	c4	ZSCAN16
1.43958849647522e-08	1.29830629174647	0.064	0.029	0.00048505494800236	c4	CBR3
1.45522378588282e-08	0.780968827027293	0.124	0.071	0.000490323102415358	c4	ZNF302
1.5347758792558e-08	0.302338330422064	0.435	0.324	0.00051712738475645	c4	NDUFB2
1.55835116180302e-08	0.410377583241083	0.261	0.178	0.000525070840457909	c4	NR1H2
1.6123591492357e-08	1.13967700914808	0.063	0.028	0.000543268291743476	c4	BDH1
1.61315203460851e-08	0.440138374329081	0.3	0.214	0.000543535446540992	c4	LSM5
1.89867132006701e-08	1.49602847003554	0.021	0.005	0.000639738314583379	c4	GATA3-AS1
1.94195200032825e-08	0.855876307417249	0.089	0.046	0.000654321306990602	c4	TCEAL3
1.94368536247206e-08	0.854040873246013	0.098	0.052	0.000654905346031337	c4	APBB1
2.01264637701903e-08	0.891364399325381	0.084	0.042	0.000678141070272792	c4	POLR1C
2.0312205531456e-08	4.03365402991195	0.008	0.001	0.000684399453176879	c4	TSPAN6
2.04205339656819e-08	4.03478439957855	0.008	0.001	0.000688049471439687	c4	HRASLS5
2.06165251047098e-08	2.80951404878787	0.011	0.001	0.000694653196878093	c4	AEBP1
2.14985197995486e-08	0.514061011683282	0.234	0.158	0.00072437112612599	c4	RPA2
2.24201399449568e-08	2.67958168285258	0.013	0.002	0.000755424195305375	c4	SPATA6
2.28529484899919e-08	1.97781312114459	0.02	0.004	0.000770007246421787	c4	TNK1
2.31366279326554e-08	1.89806708836324	0.02	0.004	0.000779565541562891	c4	RGMB
2.38223076989152e-08	0.815744068800556	0.093	0.048	0.000802668835607248	c4	TBL1X
2.48614259424778e-08	0.599598171579456	0.218	0.147	0.000837680885705848	c4	ABTB1
2.54348984568107e-08	0.571031271708263	0.106	0.058	0.00085700346860378	c4	TNFSF8
2.56767728802495e-08	1.73407494360833	0.022	0.005	0.000865153185427126	c4	RP11-89F3.2
2.692972943956e-08	0.465533604167073	0.317	0.233	0.000907370303736535	c4	IFNAR2
2.70809143866746e-08	0.510888628525049	0.149	0.09	0.000912464329344615	c4	CD320
2.95506994771387e-08	1.27995923553642	0.046	0.018	0.000995681268182712	c4	KCTD6
3.13870034191505e-08	0.758679962912667	0.123	0.071	0.00105755369320486	c4	GPN3
3.29516065617195e-08	2.33609333022043	0.015	0.003	0.00111027143149058	c4	RP11-195F19.9
3.31443144920316e-08	1.2785356156506	0.044	0.017	0.00111676453249451	c4	TTC39C-AS1
3.44126827235057e-08	1.69715658748487	0.021	0.005	0.0011595009316858	c4	WNT7A
3.54886426219661e-08	0.732162575422405	0.127	0.075	0.00119575432450452	c4	POLD2
3.57966244657614e-08	0.297363674348205	0.44	0.329	0.00120613146474937	c4	ACADVL
3.59187930183544e-08	0.540314588946413	0.227	0.155	0.00121024781196043	c4	NMRK1
3.66376121904949e-08	0.228956258526175	0.663	0.544	0.00123446770514654	c4	RPS17
3.88870770381512e-08	0.957161549487157	0.056	0.024	0.00131026117372347	c4	TRAV29DV5
3.98969948717572e-08	2.62177286944535	0.012	0.002	0.00134428934520899	c4	RIN1
4.01951232595558e-08	0.662253015187885	0.135	0.081	0.00135433448310747	c4	EIF3J-AS1
4.17772973813576e-08	0.804248034380336	0.114	0.065	0.00140764425796746	c4	MFSD5
4.24940636187848e-08	1.53576525355438	0.026	0.007	0.00143179497957134	c4	MAML3
4.33947690597336e-08	0.704503996272796	0.114	0.065	0.00146214334869866	c4	UNC50
4.43908513651983e-08	0.601399960452846	0.145	0.088	0.00149570534589899	c4	RBMS1
4.82771775413299e-08	1.61945712859993	0.023	0.006	0.00162665122007757	c4	TRAV26-2
4.90580229638899e-08	0.924724441695053	0.089	0.047	0.00165296102574531	c4	NR2C2AP
4.96539546996487e-08	1.66448614608899	0.023	0.006	0.00167304034964996	c4	KIF16B
5.01709697948794e-08	0.333000875889865	0.315	0.227	0.00169046065626867	c4	PDCD6
5.21379775870558e-08	0.343387097986895	0.309	0.221	0.00175673701681826	c4	PRNP
5.2797395434853e-08	1.51723085024284	0.038	0.014	0.00177895544178194	c4	PDDC1
5.6870350204186e-08	0.558569740217546	0.156	0.096	0.00191618957977984	c4	SLC39A8
5.91812786131204e-08	1.71725620370547	0.027	0.008	0.00199405400159048	c4	HYLS1
5.99857086938898e-08	0.762105747751641	0.094	0.05	0.00202115846873192	c4	SH3TC1
6.0095474518642e-08	1.61716072337539	0.025	0.007	0.00202485691843112	c4	KLF5
6.12720261864108e-08	0.501870834828156	0.204	0.135	0.00206449965032493	c4	PDCD2
6.30561873755968e-08	0.811917198168176	0.087	0.045	0.00212461517743336	c4	CRYL1
6.54378089842334e-08	0.522093628985539	0.22	0.151	0.00220486153591476	c4	CHRAC1
6.69913896415092e-08	1.13513729547426	0.047	0.019	0.00225720788258101	c4	ZNF232
6.82280017090542e-08	2.77020031687922	0.011	0.001	0.00229887428958487	c4	PLEKHH2
8.17293546896787e-08	3.65838894913598	0.007	0	0.00275378887691403	c4	KRT2
8.3433051112223e-08	0.846869827669229	0.089	0.047	0.00281119322417524	c4	TNRC6C
8.40312780510829e-08	0.30744226706866	0.571	0.46	0.00283134988265319	c4	FAM96B
8.48324083647309e-08	1.32991219960769	0.039	0.015	0.00285834316744124	c4	STXBP1
8.48729341762967e-08	1.52320445407307	0.033	0.011	0.00285970864413614	c4	DENND5A
8.51079275818999e-08	0.59418329488245	0.167	0.107	0.00286762651194453	c4	COMTD1
8.5190797465832e-08	0.98752465619881	0.058	0.026	0.00287041872981374	c4	CCR6
8.66626071046781e-08	0.910129276067264	0.06	0.027	0.00292000988378502	c4	TRIM44
8.92392486458297e-08	0.108503806608336	0.995	0.985	0.00300682724387259	c4	MT-CO1
9.22582311424079e-08	1.58034110631975	0.032	0.011	0.00310854884011229	c4	ACO1
1.04874324150886e-07	0.14606383593264	0.975	0.908	0.00353363547793997	c4	CCNI
1.077070773571e-07	0.433484520518105	0.206	0.137	0.00362908226447014	c4	RNF168
1.19443987992659e-07	1.35738492970043	0.044	0.017	0.00402454573142466	c4	RP13-977J11.2
1.21199326795736e-07	0.47733618086433	0.218	0.148	0.00408369011705553	c4	ELF2
1.21431276510633e-07	0.178137346763298	0.871	0.789	0.00409150543074926	c4	RPL23
1.23001455838537e-07	0.559774419751515	0.137	0.083	0.00414441105302367	c4	TRAK2
1.23302552893311e-07	1.41849551807698	0.029	0.009	0.00415455621718721	c4	GGT7
1.23519164979826e-07	0.417140812791809	0.248	0.172	0.00416185474483025	c4	PITHD1
1.25022078566642e-07	1.79726021735458	0.026	0.008	0.00421249391522442	c4	PKIG
1.32679795239093e-07	1.37553852848615	0.038	0.014	0.00447051302078601	c4	MPZL1
1.34179938811817e-07	0.263245986574605	0.456	0.348	0.00452105885832535	c4	SS18L2
1.35870863001316e-07	3.15757206466833	0.009	0.001	0.00457803285796634	c4	TMC3-AS1
1.39228018785132e-07	3.13360316316605	0.008	0.001	0.00469114886494623	c4	RBM47
1.39485911755705e-07	0.660343466884068	0.141	0.086	0.00469983831069673	c4	FADD
1.40742659469466e-07	0.917052924806976	0.072	0.036	0.0047421831681642	c4	TNFAIP8L2
1.47977580326984e-07	0.721632402359359	0.148	0.094	0.00498595659153739	c4	BRD3
1.70118761498716e-07	1.62301136376666	0.028	0.009	0.00573198154993773	c4	ZNF382
1.74275548998558e-07	0.249040773195026	0.574	0.453	0.0058720403479574	c4	ARL6IP4
1.7806193311701e-07	0.33865446370647	0.266	0.187	0.00599961877444454	c4	TMEM230
1.83344994444901e-07	0.232516331622221	0.647	0.534	0.00617762624282649	c4	PLP2
1.99568889962633e-07	0.63679067201078	0.155	0.099	0.00672427417840095	c4	LARS
2.02391285527251e-07	1.88311741619076	0.02	0.005	0.00681937197455521	c4	UBR5-AS1
2.06075277870117e-07	1.14332309157823	0.057	0.026	0.00694350041255573	c4	EPHB6
2.08610027272312e-07	0.597342106473349	0.136	0.084	0.00702890625891329	c4	TACC3
2.15797145715364e-07	1.48757779617709	0.033	0.011	0.00727106902773346	c4	EVA1C
2.26967943847664e-07	0.351548122493731	0.378	0.285	0.00764745790000318	c4	ATP6AP2
2.34130375352353e-07	1.48006613758081	0.034	0.012	0.00788878886712219	c4	KIF1BP
2.38894767657226e-07	0.361989795176305	0.309	0.225	0.00804932030144256	c4	IKZF1
2.41064118023504e-07	1.02426975256531	0.05	0.022	0.00812241439268395	c4	NAGPA
2.59006800366353e-07	0.654316915893749	0.097	0.054	0.00872697513154388	c4	RIC3
2.59446728935467e-07	1.10079361010713	0.048	0.02	0.00874179808475164	c4	BEX5
2.70405209364315e-07	0.731908372716553	0.099	0.056	0.00911103312432122	c4	SNAPC5
2.71068692100311e-07	0.93831502705154	0.064	0.031	0.00913338851162787	c4	PLK3
2.74760031713805e-07	1.10003052334191	0.063	0.031	0.00925776450856494	c4	ZBTB7B
2.78199425942788e-07	0.51564375752252	0.229	0.161	0.0093736514577163	c4	ASF1A
2.78807143062221e-07	1.21236098609952	0.034	0.012	0.00939412787833848	c4	RP11-108M9.4
2.83774384441779e-07	4.33805216796226	0.005	0	0.00956149410938131	c4	ZNF629
2.83912016213619e-07	0.507104265418441	0.187	0.125	0.0095661314743017	c4	PNP
2.84646014920346e-07	3.6194905243175	0.005	0	0.00959086282672615	c4	KIT
2.85082799151909e-07	4.01848373354766	0.005	0	0.00960557983462443	c4	RP5-1184F4.7
2.85416274187848e-07	1.52930097547341	0.037	0.014	0.00961681594248536	c4	MAGEF1
3.03903861936015e-07	0.253097926259047	0.307	0.219	0.0102397367240721	c4	FLT3LG
3.18728290823074e-07	0.549118676026407	0.191	0.129	0.0107392310309927	c4	APOA1BP
3.26207321093208e-07	0.901779887469976	0.084	0.045	0.0109912294769145	c4	IFRD2
3.26512665511205e-07	0.44130303494941	0.181	0.119	0.0110015177517345	c4	CEBPZOS
3.45427474489586e-07	0.341889584164038	0.292	0.209	0.0116388333254521	c4	TOB1
3.52082877477876e-07	1.02531746638846	0.076	0.04	0.0118630804737396	c4	PRIM1
3.79830018085783e-07	0.726192114531452	0.088	0.048	0.0127979926293824	c4	ZNF33B
3.8074708384796e-07	1.84445690429164	0.021	0.006	0.0128288922431732	c4	ADAM23
4.02262677890668e-07	0.433565213153373	0.228	0.158	0.0135538386688482	c4	ANKRD49
4.20535163807945e-07	0.461131939898129	0.236	0.168	0.0141695118093449	c4	THOC3
4.31169819132238e-07	1.0298025214575	0.052	0.024	0.0145278358858416	c4	ADTRP
4.72944351238724e-07	1.01490584559201	0.06	0.029	0.0159353869706376	c4	ZYG11B
4.73613959889029e-07	0.227746538196828	0.607	0.485	0.0159579487645009	c4	KRTCAP2
4.73668312804253e-07	1.23126277425723	0.053	0.025	0.0159597801316265	c4	CYB561D2.1
4.75872878729144e-07	1.30144721048105	0.038	0.015	0.0160340607758998	c4	IRS2
4.76658799546178e-07	0.994843869638113	0.081	0.043	0.0160605415919089	c4	ZNF75A
4.78495038134183e-07	0.476430634395815	0.195	0.132	0.0161224118148932	c4	API5
4.84658785278485e-07	0.27515779692001	0.379	0.286	0.0163300931111733	c4	BTG2
4.87895192341688e-07	1.231684595818	0.039	0.016	0.0164391406107608	c4	SETD6
4.89175224012936e-07	0.248963696161216	0.367	0.274	0.0164822699978919	c4	PDE3B
5.14219686378529e-07	1.21387848613228	0.04	0.016	0.0173261181128382	c4	DOCK9
5.51556935002161e-07	0.573822508334809	0.136	0.085	0.0185841593679628	c4	NAE1
5.94549577271741e-07	1.27892568769647	0.034	0.013	0.020032753456594	c4	RIMKLB
6.10613707919001e-07	0.278484891976344	0.395	0.302	0.0205740182746228	c4	DARS
6.19719381509018e-07	0.265590155369594	0.336	0.247	0.0208808248405649	c4	RBBP7
6.20779869042085e-07	1.53478416256438	0.039	0.016	0.020916556907504	c4	NET1
6.23672792520179e-07	1.21288003430832	0.029	0.01	0.0210140310711749	c4	MIR22HG
6.39145653619037e-07	3.97306008096231	0.007	0.001	0.0215353736530398	c4	RP11-340I6.8
6.41541124970578e-07	3.79709299054483	0.007	0.001	0.0216160866647587	c4	DLK2
6.45035604847236e-07	2.07685204831398	0.014	0.003	0.0217338296697228	c4	RP11-161M6.2
6.4877956791781e-07	3.25003812410845	0.007	0.001	0.0218599787614227	c4	ZNF835
6.63914030929311e-07	0.383611545345092	0.273	0.198	0.0223699193581322	c4	NDUFAF3
6.77152892389954e-07	0.441002638196445	0.253	0.183	0.0228159895561871	c4	GLO1
6.83554983650529e-07	0.376244601393219	0.183	0.121	0.0230317016191209	c4	MAT2A
6.85532988218219e-07	3.29962292098402	0.008	0.001	0.0230983485050247	c4	KIAA2022
7.17598447928847e-07	0.995183601260401	0.044	0.018	0.0241787621045146	c4	ZNF557
7.55662351644568e-07	5.76515251606208	0.003	0	0.0254612872763121	c4	CTD-2113L7.1
7.55662351644568e-07	5.83618937331613	0.003	0	0.0254612872763121	c4	GNAI1
7.55662351644568e-07	5.91838036148295	0.003	0	0.0254612872763121	c4	NTN4
7.55662351644568e-07	5.7851621851658	0.003	0	0.0254612872763121	c4	LARP6
7.55662351644568e-07	5.98793104801901	0.003	0	0.0254612872763121	c4	AJ003147.9
7.72323654316268e-07	1.03086347037567	0.056	0.026	0.0260226732085323	c4	ZNF540
7.77220395603419e-07	0.559356299248531	0.143	0.09	0.0261876640094616	c4	UBE2G2
8.10801557312056e-07	0.845573027411903	0.083	0.045	0.0273191476720724	c4	CPTP
8.17628546913129e-07	1.41812705485721	0.026	0.009	0.027549176259691	c4	RP11-169D4.2
8.24271141124403e-07	0.797929436600326	0.077	0.041	0.0277729918290456	c4	NOP16
8.35807094890658e-07	0.722250211290453	0.092	0.051	0.0281616842552458	c4	HDHD3
9.22457031084143e-07	0.48926298912981	0.171	0.113	0.0310812672053491	c4	TINF2
9.47672363982681e-07	1.2068530871385	0.041	0.017	0.0319308726320325	c4	KIF5C
9.56443763576182e-07	1.11674958728036	0.057	0.027	0.0322264161699359	c4	LINC00094
9.70788167614315e-07	0.771927414287882	0.065	0.033	0.0327097365195967	c4	DPP4
1.02416207864045e-06	0.518285117073228	0.18	0.121	0.0345081170777115	c4	DIMT1
1.0753529050527e-06	0.359116504503536	0.256	0.185	0.0362329407828456	c4	SOD2
1.09519248518789e-06	0.337074079365641	0.332	0.25	0.0369014155959208	c4	PSIP1
1.12570288892877e-06	0.878691991330077	0.084	0.046	0.0379294331395658	c4	CYB5R1
1.15156869469218e-06	1.02985909407763	0.057	0.027	0.0388009555989582	c4	ORAOV1
1.21068014602273e-06	0.524061371590692	0.174	0.117	0.0407926568400899	c4	HAGH
1.2139544332685e-06	1.18594673868318	0.033	0.012	0.0409029806745489	c4	LINC00239
1.26202463106648e-06	0.471840658850059	0.181	0.123	0.0425226579191541	c4	ADSL
1.30826435226713e-06	0.38568560495711	0.269	0.199	0.0440806590852886	c4	FKBP11
1.31995137103253e-06	2.58810888891346	0.011	0.002	0.04447444149557	c4	NLGN2
1.32617265795065e-06	0.72515835412266	0.111	0.068	0.044684061536989	c4	PPT1
1.34561597894154e-06	0.983712350230386	0.054	0.026	0.0453391847944563	c4	DUSP14
1.35519799663914e-06	1.62739070951192	0.02	0.005	0.0456620412987592	c4	LINC01336
1.37051340214533e-06	0.576278638598676	0.13	0.081	0.0461780785718847	c4	FBXO21
1.40106405331556e-06	1.73999382223673	0.016	0.004	0.0472074522124144	c4	ZBTB18
1.411554954483e-06	0.389965789205737	0.254	0.185	0.0475609326363502	c4	CNIH4
1.41661239322794e-06	0.943374457492867	0.053	0.025	0.0477313379774221	c4	C20orf196
1.45721142456082e-06	1.16573196319537	0.024	0.008	0.0490992817391524	c4	STX3
