p_val	avg_log2FC	pct.1	pct.2	p_val_adj	cluster	gene
0	2.75996679519851	0.802	0.221	0	c1	TNFRSF9
0	2.56098356740253	0.944	0.4	0	c1	SNHG15
0	2.53779419513738	0.843	0.321	0	c1	ANKRD37
0	2.66579167504981	0.631	0.162	0	c1	GEM
0	1.88256962198309	0.932	0.639	0	c1	TUBA4A
0	1.90692892734964	0.992	0.749	0	c1	SLC2A3
5.10187047700294e-307	1.49974554175764	0.957	0.715	1.71902423852137e-302	c1	EMD
1.32685703238263e-300	2.45251901457002	0.739	0.291	4.47071208491003e-296	c1	SRRT
2.94504310894971e-299	2.48403783828144	0.638	0.183	9.92302825129516e-295	c1	SEC24A
8.92738667408447e-294	0.953238470180839	0.997	0.993	3.00799366596602e-289	c1	EIF1
1.02908704184171e-280	2.00852898605834	0.861	0.41	3.46740587878145e-276	c1	NR4A2
1.05856308309938e-273	1.44403214225202	0.98	0.556	3.56672245219507e-269	c1	NKG7
3.74721743446142e-271	1.28827149680951	0.99	0.86	1.26258744236743e-266	c1	LDHA
2.75239104860882e-270	0.888360531782185	0.998	0.998	9.27390639918254e-266	c1	PTMA
4.93071194522853e-269	1.88356594214352	0.807	0.381	1.6613540828253e-264	c1	NAMPT
5.03642196688109e-260	1.25273958726032	0.964	0.768	1.69697201752092e-255	c1	HNRNPDL
1.98475812335533e-254	2.01957579530326	0.839	0.485	6.68744402083343e-250	c1	CYCS
3.78728475798787e-245	1.76444621240072	0.78	0.315	1.27608772635643e-240	c1	HLA-DQA1
1.45359874870753e-237	2.06780275518382	0.688	0.262	4.89775562389517e-233	c1	PDCD1
8.93236190229744e-236	1.45971780454215	0.911	0.581	3.0096700193601e-231	c1	HMGB2
2.03952283499163e-235	1.36276717545682	0.926	0.462	6.87196824022079e-231	c1	HLA-DRB1
2.20638481208304e-235	1.79627053833068	0.807	0.438	7.43419298583261e-231	c1	MTHFD2
6.28006172052145e-230	1.61305720176816	0.825	0.421	2.1160039961125e-225	c1	PTP4A1
2.61236979636202e-229	1.25538177444067	0.999	0.988	8.80211879186219e-225	c1	GAPDH
2.88153754027474e-226	0.900386989793084	0.994	0.956	9.7090525882017e-222	c1	MIF
7.64300171054188e-226	2.20054704387169	0.647	0.248	2.57523299634998e-221	c1	KPNA2
1.18893413932766e-221	1.61524127712825	0.839	0.495	4.0059946890506e-217	c1	EIF4A1
5.23223690701216e-216	1.06375596481176	0.979	0.913	1.76294990344868e-211	c1	ALDOA
4.87794113949684e-215	1.86954114281792	0.669	0.25	1.64357348754206e-210	c1	HLA-DQA2
1.76383000549014e-214	1.80386504269324	0.789	0.385	5.94304882049846e-210	c1	BHLHE40
2.4046405328896e-210	1.70741140522281	0.781	0.377	8.10219581151822e-206	c1	ZNF331
2.36412294211342e-203	1.38219197742561	0.897	0.628	7.96567584115696e-199	c1	SYTL3
5.41540054895636e-200	1.40561807104144	0.956	0.841	1.82466506096536e-195	c1	IFITM2
1.33289387148839e-186	2.02944549333368	0.744	0.398	4.49105261059297e-182	c1	RGS1
1.391607178877e-186	1.65061002704163	0.825	0.533	4.68888122850818e-182	c1	STAT3
5.25432305200524e-184	2.35554754955182	0.456	0.132	1.77039160914265e-179	c1	ADORA2A
3.3370305859264e-181	1.21655406373089	0.844	0.399	1.12437908562204e-176	c1	HLA-DRB5
4.45541508547345e-167	1.5349697500016	0.732	0.374	1.50120755889942e-162	c1	DUSP4
7.0612441050957e-166	1.52260777117383	0.739	0.419	2.37921558877094e-161	c1	RNMT
2.587351184497e-165	2.14755873948014	0.496	0.169	8.71782108104421e-161	c1	HAVCR2
1.75701949738301e-164	1.06329573265173	0.916	0.726	5.92010149448232e-160	c1	TAF1D
2.82375187971316e-164	3.65491453065466	0.303	0.061	9.51434958350551e-160	c1	ZBED2
2.53182101806025e-162	2.23154465455181	0.579	0.244	8.5307177382522e-158	c1	PRDM1
4.03342452045152e-162	1.5549271316865	0.653	0.264	1.35902205792093e-157	c1	HLA-DRA
2.85789332243861e-160	0.668609673756493	0.989	0.934	9.62938576062466e-156	c1	UBC
1.49898934077381e-158	0.857609496461904	0.982	0.883	5.05069468480327e-154	c1	PNRC1
1.40550037791899e-157	1.52965291288305	0.719	0.393	4.73569297336024e-153	c1	PDE4D
1.81906470949095e-157	1.68992787117895	0.68	0.348	6.12915663215882e-153	c1	DDX3Y
2.58711797336693e-157	1.75692752540561	0.586	0.237	8.71703529946253e-153	c1	ENTPD1
9.33525766371901e-156	1.75823764130349	0.585	0.243	3.14542171721348e-151	c1	PER1
1.66952048903805e-154	1.69876839496515	0.608	0.272	5.6252823357648e-150	c1	GARS
2.26840045726137e-152	1.99047196997134	0.548	0.229	7.64314850069645e-148	c1	KDM5B
6.9388383820881e-152	1.49555838517829	0.729	0.412	2.33797220446076e-147	c1	MGAT1
4.39959170752437e-151	0.803517046807846	0.981	0.898	1.48239842993326e-146	c1	SRGN
1.3738025669949e-148	2.10310940841634	0.452	0.153	4.62889036923262e-144	c1	FOSL2
1.84927253112701e-148	0.982430656597835	0.956	0.813	6.23093886637934e-144	c1	DDIT4
7.16150101653706e-147	0.902255054228739	0.952	0.792	2.412996152512e-142	c1	PGAM1
1.7774035000572e-144	1.68088285838101	0.671	0.352	5.98878335309272e-140	c1	INSIG1
3.09377476070596e-142	1.38342928301659	0.801	0.546	1.04241646787227e-137	c1	WHSC1L1
1.30614256429563e-141	1.13818880088423	0.878	0.675	4.40091675613769e-137	c1	CLEC2D
3.54278808054793e-141	1.19787752295185	0.876	0.653	1.19370701585982e-136	c1	CLEC2B
2.97185313230887e-140	1.24695190394351	0.805	0.548	1.00133619440015e-135	c1	BZW1
2.99048004576916e-140	1.95953495880123	0.461	0.163	1.00761234662146e-135	c1	KLRC4
2.46118943403222e-139	1.65727971233058	0.545	0.221	8.29273167902815e-135	c1	ZEB2
4.87766824102998e-139	1.93442080598307	0.479	0.182	1.64348153713264e-134	c1	FAM210A
3.65532521673226e-138	1.89390891584196	0.651	0.36	1.23162527852577e-133	c1	ADGRE5
1.1950047094138e-136	2.34330042586995	0.345	0.094	4.02644886789885e-132	c1	MCTP2
1.00425083112553e-135	1.1627396792146	0.808	0.482	3.38372275039437e-131	c1	LINC00152
3.09395568065544e-135	2.44002835470086	0.401	0.132	1.04247742704004e-130	c1	UBE2F
2.87878185428772e-134	1.80316043546043	0.525	0.216	9.69976757983705e-130	c1	HIST3H2A
1.32351436110787e-132	1.20858816550455	0.767	0.474	4.45944928831684e-128	c1	SNHG12
8.72605181745525e-131	1.66202343367978	0.634	0.32	2.94015589937337e-126	c1	HIST1H1C
4.81531747304037e-128	1.29364394003115	0.77	0.504	1.62247306936622e-123	c1	RNF19A
1.23143489536209e-126	1.37609853924016	0.704	0.43	4.14919673643301e-122	c1	SRSF3
3.79238635015206e-123	1.28557039444999	0.796	0.56	1.27780665682023e-118	c1	WSB1
1.22920762800849e-122	0.919100946704399	0.934	0.671	4.14169218181182e-118	c1	CST7
1.44466765997727e-122	1.21489629516282	0.735	0.441	4.86766321352741e-118	c1	MTFP1
1.65538889065321e-122	3.06039774055698	0.217	0.039	5.57766732816692e-118	c1	NFIL3
2.12667854403351e-121	1.27152772026916	0.727	0.437	7.1656306862665e-117	c1	LYST
7.29127032570189e-121	1.09606065214651	0.797	0.556	2.45672062354199e-116	c1	SLC3A2
7.81339357743489e-119	1.51931875691903	0.582	0.293	2.63264483198091e-114	c1	JMJD6
4.88460836887355e-118	1.89552134941646	0.485	0.207	1.64581994380825e-113	c1	JUND
7.56828338915996e-117	0.830645263707109	0.957	0.863	2.55005740514356e-112	c1	CYTIP
1.28507464715561e-115	2.22164220495122	0.318	0.091	4.32993051612612e-111	c1	TRGV2
1.32755397605043e-115	1.16355905474007	0.802	0.57	4.47306036690433e-111	c1	CREM
1.71727009022741e-115	1.43978003801565	0.597	0.289	5.78616984201223e-111	c1	HLA-DQB1
2.77377653379052e-115	1.60508101596548	0.566	0.283	9.34596265295379e-111	c1	IVNS1ABP
5.63010654475698e-115	0.804673166502775	0.741	0.361	1.89700809919042e-110	c1	LAG3
4.9310303341224e-112	0.632558494902639	0.96	0.609	1.6614613607792e-107	c1	CCL5
1.03948381475497e-111	0.989696697741598	0.851	0.656	3.50243676543539e-107	c1	BNIP3L
3.26108579364858e-109	2.65304932494888	0.269	0.07	1.09879024731195e-104	c1	MTSS1
3.89123644684348e-108	1.6958684856925	0.531	0.253	1.31111320839944e-103	c1	MIR155HG
4.32624223620755e-108	0.693604801936508	0.967	0.876	1.45768405906777e-103	c1	TPI1
1.04001650957103e-107	0.834027887342355	0.892	0.737	3.50423162734862e-103	c1	ARF1
1.07403807121871e-107	1.06461134313566	0.812	0.609	3.61886387716434e-103	c1	BUB3
1.79290962049958e-107	1.0411101134329	0.806	0.578	6.0410296753113e-103	c1	RHOH
9.50951149379531e-107	1.53664286202502	0.54	0.264	3.20413480271939e-102	c1	VPS37B
6.05876682506343e-106	2.1912453621669	0.334	0.106	2.04144089403687e-101	c1	CRTAM
9.40177319745899e-106	1.11192629754896	0.791	0.608	3.16783346115183e-101	c1	COX7B
7.1413247647302e-105	0.654055855592382	0.98	0.936	2.40619796622819e-100	c1	PPDPF
8.05948191727355e-105	1.52623145522552	0.728	0.496	2.71556183720615e-100	c1	BIRC3
2.8976981959359e-104	0.764055641953254	0.906	0.767	9.76350430138642e-100	c1	RHOG
1.89682985442432e-102	1.23878496810161	0.871	0.741	6.39117851149731e-98	c1	ZFP36
1.17199925121559e-101	1.59134520247393	0.518	0.259	3.94893427704581e-97	c1	SAR1B
5.61777055840534e-100	2.18788311361879	0.277	0.078	1.8928516119491e-95	c1	HK2
7.65368766728015e-100	1.0463725671751	0.845	0.66	2.57883352261337e-95	c1	MCL1
3.49999182045411e-99	1.17382720711304	0.691	0.441	1.17928724398381e-94	c1	HSPA5
5.11422675983318e-99	1.46601109156943	0.546	0.284	1.72318756445819e-94	c1	RIOK3
1.47952623901922e-98	0.739322316251628	0.933	0.854	4.98511570975135e-94	c1	UBE2D3
2.59493201615946e-98	0.913305828312082	0.861	0.766	8.7433639352477e-94	c1	GUK1
2.47950615674238e-97	1.14162183838188	0.82	0.653	8.35444804452779e-93	c1	GPI
6.65658257014883e-97	1.05207298692724	0.716	0.471	2.24286893118595e-92	c1	CLK1
2.40675572265341e-96	1.03681843578947	0.869	0.708	8.10932273190838e-92	c1	TNFAIP3
1.10325378359923e-95	1.03000215182595	0.809	0.624	3.71730329845925e-91	c1	FNBP1
2.4210248407108e-95	1.34782755031579	0.579	0.316	8.15740109829097e-91	c1	SMNDC1
8.67380205247649e-95	1.6196566647043	0.507	0.261	2.92255086356143e-90	c1	SEC14L1
7.00040110251182e-94	2.44430822460844	0.212	0.048	2.35871514748033e-89	c1	CCL3
1.12834032264165e-93	1.33394391337622	0.58	0.319	3.80182988310877e-89	c1	SMG1
1.42829191253462e-93	0.900834832820956	0.822	0.681	4.81248677009414e-89	c1	RSL24D1
1.07245109360313e-92	1.46667427581532	0.535	0.276	3.6135167147864e-88	c1	AMD1
1.43621568118321e-91	1.68327357659774	0.449	0.206	4.83918511617871e-87	c1	CCNT1
1.08103180358226e-90	2.13006387591762	0.274	0.083	3.64242855899007e-86	c1	EIF2AK3
5.99504053327447e-90	1.17669734166701	0.622	0.362	2.0199689572815e-85	c1	HNRNPLL
6.80329882894103e-90	0.394852366285551	0.998	0.998	2.29230350742339e-85	c1	RPL12
3.35392066046019e-89	0.615158529387084	0.967	0.868	1.13007002733546e-84	c1	CD7
3.53243687776702e-89	1.37602736994786	0.495	0.237	1.19021928159482e-84	c1	ID2
4.28720240677498e-89	1.29210689407828	0.596	0.35	1.44452997893876e-84	c1	RANBP2
9.58441306209426e-89	0.924430087896988	0.806	0.644	3.22937213714204e-84	c1	DDX24
1.93757079041133e-88	1.28270297946552	0.614	0.375	6.52845102121193e-84	c1	THEMIS
2.5830567001286e-88	1.77734665412911	0.416	0.183	8.70335124541332e-84	c1	ACOT9
1.14411197315878e-87	1.34047567316003	0.513	0.255	3.85497088236119e-83	c1	AHI1
2.24564501368641e-87	1.56701256389734	0.452	0.215	7.566476309115e-83	c1	HELZ
1.20766932839743e-86	1.65820708670616	0.415	0.184	4.06912103510229e-82	c1	GNA13
6.16467049911167e-85	1.49584834163312	0.519	0.276	2.07712407797069e-80	c1	TMEM2
5.57710774882996e-83	1.44873293143845	0.486	0.247	1.87915068489077e-78	c1	NUP58
3.12790332541228e-82	1.97495722675213	0.312	0.113	1.05391574646441e-77	c1	MIR3142HG
1.1506035274963e-81	1.69608487553629	0.42	0.198	3.87684352554602e-77	c1	AGPAT5
2.6863774317042e-81	1.00052379961609	0.657	0.407	9.05148011838412e-77	c1	TNFRSF1B
4.39764454038717e-81	1.59873054093635	0.455	0.228	1.48174235143805e-76	c1	NGLY1
5.58248464859355e-81	1.56298114758632	0.42	0.194	1.88096237749711e-76	c1	WDR45B
6.46628201781672e-81	1.68421403157038	0.389	0.173	2.17874906308317e-76	c1	ETF1
9.29700886382066e-81	1.16400319932412	0.636	0.428	3.13253416657573e-76	c1	STRAP
1.14823115091157e-80	0.90145474260026	0.763	0.554	3.86885003988145e-76	c1	RPL22L1
1.64963564105205e-80	1.20853864202831	0.591	0.34	5.55828232896078e-76	c1	PTTG1
5.47657994040336e-80	1.39669835406695	0.485	0.251	1.84527884511951e-75	c1	GOLT1B
5.48039584458986e-80	2.74290580762557	0.202	0.052	1.84656457587611e-75	c1	MYO1E
2.29617668774416e-79	1.00242764135407	0.673	0.427	7.73673773168517e-75	c1	P4HA1
2.74432212021769e-79	1.01309555716513	0.756	0.568	9.24671895186148e-75	c1	SRSF2
3.12720319729547e-79	1.17594542318198	0.589	0.359	1.05367984529674e-74	c1	LAMTOR5
1.78810847475442e-78	1.22794844448835	0.525	0.281	6.02485269483756e-74	c1	DNAJB9
9.45920647317537e-78	0.805794014418086	0.823	0.653	3.18718502907171e-73	c1	SRSF7
3.63556540008802e-77	2.66591087907176	0.18	0.043	1.22496740590566e-72	c1	SCD
3.98615856005762e-77	0.941374702521603	0.808	0.662	1.34309626522581e-72	c1	ATP6V0C
6.36995394358514e-76	2.20974028217215	0.234	0.071	2.14629228175158e-71	c1	SPRY1
1.45391397352553e-75	1.21409305409444	0.67	0.462	4.89881774239692e-71	c1	REL
2.71765038869077e-75	0.763954878767411	0.847	0.695	9.15685121965469e-71	c1	WIPF1
5.21591118104138e-75	1.09108690179312	0.664	0.451	1.75744911334008e-70	c1	FGFR1OP2
6.82524263895624e-75	1.14955444278015	0.495	0.251	2.29969725476991e-70	c1	CTLA4
1.27563763660504e-74	1.17207383076115	0.578	0.345	4.29813345277703e-70	c1	TPM4
2.26011964810675e-74	1.94730824331946	0.286	0.104	7.61524714233087e-70	c1	SLC7A5
1.10713751847171e-73	1.7486130412767	0.304	0.114	3.73038915473859e-69	c1	MAP1LC3A
1.11753668425993e-73	1.29742322269182	0.589	0.376	3.76542810394541e-69	c1	SIT1
4.85033493348967e-73	1.37815462643151	0.458	0.235	1.63427185249001e-68	c1	ANKZF1
9.03429807927171e-73	1.04807039880051	0.653	0.436	3.04401639482981e-68	c1	BTG3
1.5075734357911e-72	0.773419509402583	0.966	0.935	5.07961793455452e-68	c1	H3F3B
3.06656216552506e-72	1.01195286137886	0.638	0.422	1.03324745605201e-67	c1	RSRC2
5.06405034039262e-72	1.68268079344867	0.351	0.15	1.70628112169189e-67	c1	ATG2A
5.31610215138606e-72	0.929704414326356	0.766	0.598	1.79120745888802e-67	c1	MAP1LC3B
6.65821696499477e-72	1.17019093640609	0.566	0.347	2.24341962418534e-67	c1	COPS2
1.34044040740162e-71	1.33587625046571	0.472	0.248	4.51647990869902e-67	c1	USP36
1.49034597653743e-71	0.968357428017571	0.741	0.583	5.02157173334523e-67	c1	CD96
4.88941639966312e-71	1.45265503623906	0.393	0.179	1.64743996170249e-66	c1	CTA-29F11.1
6.66325440389634e-71	1.80611556303389	0.311	0.124	2.24511693884883e-66	c1	POLB
7.20846338931687e-71	1.11485262251547	0.608	0.397	2.42881965439643e-66	c1	RNF114
1.66276760406056e-70	1.02509949798451	0.645	0.433	5.60252916512164e-66	c1	CMC2
3.5800138476065e-70	1.0543162236243	0.633	0.417	1.20624986581254e-65	c1	RAB8B
3.74526738450744e-70	0.886516798364853	0.725	0.547	1.26193039253594e-65	c1	ARHGDIA
7.41871272851905e-70	1.0231626655882	0.631	0.412	2.49966106674721e-65	c1	ZNF207
7.8880179111743e-70	0.804924338817208	0.826	0.618	2.65778875499107e-65	c1	DUSP2
2.15755147487703e-69	1.43855067073679	0.46	0.247	7.26965393945066e-65	c1	PFKFB3
2.36206995311336e-69	1.36494382546228	0.452	0.237	7.95875850002015e-65	c1	COX20
4.16291023597846e-69	0.701754520989659	0.864	0.724	1.40265097491058e-64	c1	KMT2E
1.06067748523764e-68	0.564703815972827	0.958	0.917	3.57384671875971e-64	c1	RHOA
1.75129180786775e-68	0.902990284734456	0.734	0.567	5.90080261742958e-64	c1	VDAC2
4.07692974037251e-68	1.16361930541939	0.562	0.347	1.37368070672111e-63	c1	STARD7
4.39492809509039e-68	1.63843788513831	0.363	0.162	1.48082707235976e-63	c1	DFNB31
4.68835771193553e-68	1.09103590396096	0.602	0.388	1.57969524745956e-63	c1	ARF4
1.46941544156035e-67	2.63507207349859	0.146	0.032	4.95104838879344e-63	c1	PIF1
4.36281987212403e-67	0.754315456118912	0.738	0.457	1.47000852771347e-62	c1	HLA-DPA1
1.67312433660867e-65	0.923792493532273	0.265	0.092	5.63742513976925e-61	c1	CCL4L2
1.81940088944534e-65	0.945085014159425	0.677	0.499	6.13028935689712e-61	c1	SEPT2
2.1092337930417e-65	0.956321121506322	0.645	0.446	7.10685234227472e-61	c1	NOP58
3.19871902792091e-65	0.939625660163836	0.657	0.464	1.07777638926767e-60	c1	EIF4H
3.42825707966739e-65	1.81106214330074	0.284	0.112	1.15511694042313e-60	c1	ALKBH5
7.84754379597128e-65	1.76264733288773	0.279	0.107	2.64415140661456e-60	c1	PDE7A
1.07963526332429e-64	1.19855787525773	0.486	0.27	3.63772305624486e-60	c1	TRPC4AP
1.21471749484023e-64	0.733035069970504	0.835	0.701	4.09286912711467e-60	c1	EIF4A2
2.51789406057908e-64	0.97945643405153	0.514	0.278	8.48379224771515e-60	c1	HILPDA
6.67838689402557e-64	1.74902423973594	0.319	0.138	2.25021568007298e-59	c1	INSIG2
1.09241738646156e-63	1.07222066398021	0.611	0.414	3.68079114194357e-59	c1	PAPOLA
1.23151869158552e-63	1.16099274587277	0.508	0.295	4.14947907942825e-59	c1	ARPP19
1.77903179795387e-63	1.5049013132141	0.362	0.168	5.99426974002578e-59	c1	IL21R
9.21976989610281e-63	0.948601294495083	0.642	0.448	3.10650926879288e-58	c1	MECP2
1.75391847761637e-62	1.40269314456046	0.4	0.205	5.9096529184806e-58	c1	SLC25A36
2.11438635679161e-62	0.859045087131082	0.712	0.548	7.12421339057366e-58	c1	SRRM1
9.59336991206541e-62	0.839283599057066	0.696	0.503	3.23239005817132e-57	c1	SFXN1
1.04679097210402e-61	0.766759841092742	0.89	0.824	3.52705750140728e-57	c1	TSC22D3
4.42670901200081e-61	0.641860783895122	0.886	0.753	1.49153533450355e-56	c1	EZR
4.47374842099741e-61	1.62912351863964	0.316	0.139	1.50738479297087e-56	c1	FAM3C
9.51928334698029e-61	1.38421891718051	0.383	0.19	3.20742733093154e-56	c1	CSRNP1
1.85810428959608e-60	0.98122658095773	0.426	0.216	6.26069659336504e-56	c1	HIST1H2AC
4.48803467258759e-60	1.40366097223446	0.498	0.302	1.51219840258166e-55	c1	H2AFJ
1.03681232492234e-59	0.501154092185939	0.957	0.902	3.49343544759333e-55	c1	OAZ1
4.1884827710633e-59	0.78528661789979	0.718	0.541	1.41126738488207e-54	c1	DNAJB6
5.522898801635e-59	1.85611504481354	0.264	0.106	1.8608855222229e-54	c1	VKORC1
6.50017849472802e-59	1.00120344195151	0.663	0.511	2.19017014201366e-54	c1	SSR3
3.39014929786239e-58	0.855484709064677	0.59	0.365	1.14227690442175e-53	c1	ALOX5AP
1.02050503810147e-57	0.474380542492891	0.585	0.313	3.43848967537909e-53	c1	GZMB
1.76609306217553e-57	1.05769940962766	0.514	0.311	5.95067396369423e-53	c1	MGEA5
3.28781132607851e-57	1.23954803172617	0.462	0.264	1.10779514820889e-52	c1	CCND2
4.00369523806924e-57	1.66626361491088	0.234	0.084	1.34900507351505e-52	c1	AC069363.1
7.94087979450181e-57	2.31207697686494	0.153	0.041	2.67560003795944e-52	c1	BCAT1
1.39378188692332e-56	0.850742043387524	0.692	0.519	4.69620868979943e-52	c1	SURF4
1.68872184000642e-56	0.81383177530724	0.733	0.561	5.68997936771764e-52	c1	PRDX6
2.1002070021177e-56	0.985052411792452	0.652	0.493	7.07643747293538e-52	c1	CCDC107
2.99075740684754e-56	1.60367333075257	0.344	0.165	1.00770580066321e-51	c1	RHOB
3.34111291118602e-56	1.48645253605452	0.335	0.16	1.12575458429502e-51	c1	ERO1A
1.03528974965179e-55	1.30751691361254	0.382	0.195	3.48830528247675e-51	c1	TARS
1.45610253409919e-55	0.857031709476109	0.661	0.497	4.90619187839381e-51	c1	YPEL5
2.18363625003584e-55	0.996000215907113	0.566	0.37	7.35754398087075e-51	c1	DDX21
2.55677871589941e-55	2.27223096071609	0.153	0.041	8.61481020535147e-51	c1	ETV1
2.60650620458291e-55	1.12854169744122	0.482	0.285	8.78236200572167e-51	c1	STAT5A
1.61224639814997e-54	1.35284115608185	0.375	0.193	5.43230301392652e-50	c1	LSM12
2.75383533827272e-54	1.10890487536348	0.507	0.308	9.27877278877611e-50	c1	PMAIP1
3.66698651655361e-54	1.4236349817352	0.337	0.161	1.23555443688757e-49	c1	PIM3
5.50223011857863e-54	0.925240969540444	0.623	0.436	1.85392141615388e-49	c1	CCNL1
9.59352637524202e-54	0.8513172196715	0.745	0.59	3.23244277687405e-49	c1	ITM2A
1.3373205342854e-53	1.09856594238105	0.484	0.297	4.50596780822122e-49	c1	EIF4E
1.68276117201173e-53	1.15543670866717	0.487	0.297	5.66989549297632e-49	c1	VAMP2
1.70520082716668e-53	1.0289414582336	0.545	0.359	5.74550366705543e-49	c1	CCSER2
5.13185428451666e-53	0.590865975434812	0.851	0.761	1.72912698262504e-48	c1	HNRNPC
5.42469906125614e-53	2.06743462730427	0.168	0.051	1.82779810169964e-48	c1	DNAJC25
7.01349796273487e-53	1.65898143530738	0.254	0.104	2.36312800356389e-48	c1	MEF2D
8.23790242388825e-53	1.45394554778283	0.425	0.227	2.77567884270491e-48	c1	CCL4
2.51370900957314e-52	0.828639123468821	0.627	0.435	8.46969113685573e-48	c1	XBP1
4.69194322539334e-52	1.05311130931624	0.624	0.473	1.58090335036403e-47	c1	CNIH1
5.93976693312724e-52	0.829731573449718	0.698	0.549	2.00134507044789e-47	c1	RBM8A
6.96228050079383e-52	1.93361694543958	0.312	0.151	2.34587079193747e-47	c1	BLVRB
2.08188620237012e-51	1.78310545151921	0.214	0.078	7.01470737026588e-47	c1	CREB3L2
1.5085536184457e-50	0.997609486507918	0.497	0.31	5.08292056199094e-46	c1	ATF4
1.54252860075965e-50	1.36326516050222	0.365	0.193	5.19739586739958e-46	c1	NUDT4
1.62594565469627e-50	1.09708489057492	0.502	0.313	5.47846128893363e-46	c1	MYO1G
6.59163997854346e-50	2.01231935109691	0.185	0.063	2.22098717437043e-45	c1	SLC31A1
1.96559085218263e-49	1.03467231869999	0.505	0.331	6.62286181734416e-45	c1	TMEM183A
2.37431594970605e-49	0.646658423319737	0.927	0.85	8.00002016093957e-45	c1	IFITM1
4.19613686620285e-49	1.62245523616769	0.232	0.092	1.41384635569839e-44	c1	CCNG2
8.5556736362236e-49	1.17665594291563	0.465	0.287	2.88274867498918e-44	c1	ARF6
2.00644779446605e-48	1.09230462012842	0.496	0.316	6.76052519867391e-44	c1	RAB27A
2.25280668498582e-48	0.988175029010321	0.829	0.734	7.59060684439122e-44	c1	LITAF
6.0786619339481e-48	2.20150163486222	0.144	0.042	2.04814435202447e-43	c1	SAP30
9.23838979165778e-48	0.898766371342264	0.577	0.408	3.11278305640117e-43	c1	ZC3H15
1.07849742617108e-47	0.523155172398961	0.954	0.874	3.63388922774083e-43	c1	ZFP36L2
3.59516512259611e-47	0.572328609711673	0.879	0.804	1.21135493640753e-42	c1	SUB1
9.97501496692638e-47	0.647005655788797	0.804	0.7	3.36098154295617e-42	c1	C4orf3
1.19923449175531e-46	1.11001562947721	0.443	0.263	4.04070069652033e-42	c1	GGA2
1.28448676607918e-46	0.971579227969244	0.487	0.302	4.32794970962721e-42	c1	RABGGTB
1.42255820380527e-46	1.31666717366403	0.319	0.158	4.79316761190149e-42	c1	FUT11
2.49959687359035e-46	1.16478857399489	0.329	0.163	8.42214170587533e-42	c1	LAYN
8.32258133073604e-46	1.63733160150623	0.209	0.08	2.8042105535782e-41	c1	YBX3
1.24894968673167e-45	1.72913046595663	0.193	0.071	4.20821107447368e-41	c1	ITPRIP
1.45279020687301e-45	1.64617561500286	0.233	0.096	4.89503132303791e-41	c1	ADGRG1
2.12189348575146e-45	1.14833993988998	0.438	0.269	7.14950791089098e-41	c1	ARMCX3
2.75839564962524e-45	0.588092268248005	0.84	0.746	9.29413830184728e-41	c1	KLF6
4.60436839319376e-45	0.599456008853059	0.777	0.67	1.5513958864027e-40	c1	SNU13
1.24806881058716e-44	1.29583945325092	0.38	0.214	4.20524305039236e-40	c1	PHLDA1
3.99977481313932e-44	1.06300075223539	0.439	0.268	1.34768412553916e-39	c1	ST3GAL1
5.16923510383663e-44	0.917086003582834	0.53	0.352	1.74172207588671e-39	c1	PTPN22
5.70291817369359e-44	1.21180527603887	0.39	0.226	1.92154124944432e-39	c1	AK2
1.27028810581166e-43	1.55042083362652	0.238	0.103	4.28010874372181e-39	c1	GTPBP1
1.46060197360357e-43	1.95782295563468	0.173	0.061	4.92135228985986e-39	c1	AFAP1
2.30107734501852e-43	1.57669502722452	0.229	0.097	7.75325000630542e-39	c1	RNF38
3.1456919436949e-43	1.16097460269316	0.472	0.312	1.05990944350856e-38	c1	MAPRE2
3.52397871669786e-43	1.35668317795956	0.26	0.117	1.18736938880418e-38	c1	KLRK1
3.97133085298825e-43	0.73868363341689	0.651	0.477	1.33810021760586e-38	c1	GABARAPL1
4.09676316548234e-43	0.408371537587744	0.967	0.926	1.38036338097762e-38	c1	ZFAS1
1.10264307892671e-42	0.362712338279953	0.983	0.967	3.71524559013565e-38	c1	NPM1
1.25519554157803e-42	1.04829327210838	0.433	0.269	4.22925585779302e-38	c1	OSER1
1.62145087860928e-42	0.947735550493932	0.56	0.39	5.4633165903861e-38	c1	FAM177A1
1.80693644469549e-42	0.817752885598983	0.611	0.464	6.08829165675699e-38	c1	RSL1D1
4.97860255253268e-42	1.35347400642762	0.324	0.172	1.67749034405036e-37	c1	SNAP47
9.25753504813974e-42	0.971984734616121	0.553	0.4	3.11923385912021e-37	c1	FUS
1.1381542553172e-41	0.951942223537509	0.468	0.3	3.83489694786578e-37	c1	BFAR
1.43011555413122e-41	0.893024121654607	0.598	0.443	4.81863134808972e-37	c1	ARGLU1
1.80093360408418e-41	1.10074374646445	0.401	0.232	6.06806568560122e-37	c1	DDIT3
2.2835615876601e-41	2.195970305421	0.129	0.038	7.69423241346195e-37	c1	TRGV4
2.51215307748764e-41	1.14655655327978	0.357	0.192	8.46444857928684e-37	c1	CXCR6
2.5385541128086e-41	0.347916413806392	0.827	0.701	8.55340422769728e-37	c1	HSPD1
2.84202928866593e-41	1.33486081672481	0.269	0.127	9.57593348523097e-37	c1	LRMP
3.24052425868995e-41	2.14751064450036	0.14	0.044	1.09186224372299e-36	c1	DUSP5
3.667312032395e-41	1.46013864956938	0.258	0.121	1.23566411619517e-36	c1	DHX40
4.10632664289061e-41	1.16556006365468	0.343	0.187	1.38358569905556e-36	c1	ATF2
4.96117185214068e-41	1.68323253860496	0.234	0.104	1.67161724386028e-36	c1	TERF1
5.21030742012372e-41	2.480905816158	0.111	0.029	1.75556098213649e-36	c1	PIK3AP1
5.8079717114742e-41	2.15981779751642	0.14	0.045	1.95693798846412e-36	c1	CHN1
5.86463359681637e-41	0.869066041266556	0.447	0.262	1.97602964411131e-36	c1	FABP5
6.78164172984155e-41	0.779756064925948	0.568	0.392	2.28500636445281e-36	c1	RUNX3
8.60321668695667e-41	1.21694483571775	0.345	0.189	2.89876783050318e-36	c1	TIPARP
8.97208121194115e-41	0.640644267300814	0.754	0.65	3.02305304355145e-36	c1	SEC61B
9.0290737679853e-41	0.798358866488254	0.597	0.444	3.04225611538497e-36	c1	PHF3
9.68357898903766e-41	1.0721554156743	0.429	0.266	3.26278510456635e-36	c1	BIRC2
1.76551354577043e-40	1.44664787372415	0.269	0.129	5.94872134111889e-36	c1	CCDC93
1.84579893143947e-40	0.763154070133849	0.599	0.441	6.21923491959216e-36	c1	USP15
1.92773714192295e-40	0.663429688175297	0.392	0.223	6.49531752599518e-36	c1	RGS2
2.41826529351274e-40	0.849489814083891	0.62	0.482	8.14810307996184e-36	c1	ELF1
3.51472850633488e-40	0.60422620768113	0.666	0.487	1.18425262292447e-35	c1	JUN
4.09031407872445e-40	1.19868260586933	0.389	0.232	1.37819042568542e-35	c1	ATP1B3
4.30787765294729e-40	1.07297535256801	0.344	0.183	1.45149629638406e-35	c1	HOPX
5.07981540373732e-40	0.598727894462361	0.629	0.415	1.71159300213525e-35	c1	HLA-DPB1
1.43018699705171e-39	1.69552716308552	0.173	0.065	4.81887206786602e-35	c1	GNG4
1.55171840210893e-39	1.48013982673856	0.264	0.128	5.22835998406583e-35	c1	GNA15
1.97188281673715e-39	1.53864697891418	0.256	0.122	6.64406196271414e-35	c1	NDRG1
2.84031427338351e-39	1.12351678622398	0.415	0.256	9.5701549127384e-35	c1	HNRNPH1
8.01283293835735e-39	0.590234607265421	0.842	0.777	2.69984393025013e-34	c1	NBEAL1
1.32748102483055e-38	1.37464571450962	0.257	0.122	4.47281456506404e-34	c1	GTDC1
1.8912335771654e-38	1.01707188956972	0.415	0.257	6.37232241490111e-34	c1	LGALS8
1.92981145018555e-38	0.733854448897842	0.626	0.495	6.50230670025521e-34	c1	MATR3.1
2.19692401752708e-38	1.29147126939204	0.325	0.173	7.40231578465576e-34	c1	MAP3K8
3.22873700800136e-38	1.5489969538461	0.177	0.067	1.08789064747598e-33	c1	TRBV18
4.03958058292018e-38	1.43955220508402	0.254	0.122	1.36109628160912e-33	c1	FBXO42
4.95790369790557e-38	0.946352271796574	0.188	0.072	1.6705160719723e-33	c1	TRBV12-3
6.8887081716355e-38	1.11126138348268	0.355	0.205	2.32108133135086e-33	c1	CCDC47
1.14011916757706e-37	1.01859956992372	0.407	0.247	3.84151752323413e-33	c1	RICTOR
1.17898033649319e-37	0.612970952830671	0.753	0.629	3.97245634578016e-33	c1	SELK
1.50557794525436e-37	0.994535741678894	0.43	0.275	5.07289432874005e-33	c1	STAU1
1.65631540467749e-37	0.263353465010685	0.997	0.984	5.58078912452033e-33	c1	HLA-A
2.79822384987327e-37	1.02552902304657	0.444	0.292	9.42833543976299e-33	c1	SYAP1
2.8634200580662e-37	0.57487721903214	0.847	0.775	9.64800754364826e-33	c1	NDUFS5
2.93281111945941e-37	1.40253121399993	0.304	0.164	9.88181378590654e-33	c1	KDM3A
3.01144859390337e-37	0.930998219686561	0.564	0.415	1.0146774892298e-32	c1	CBLB
3.83374117786683e-37	2.1746057717888	0.093	0.022	1.29174075247045e-32	c1	CCL3L3
4.01730447035153e-37	1.00335629969257	0.394	0.241	1.35359056824024e-32	c1	SRP72
4.31994303146231e-37	1.38191951909117	0.231	0.106	1.45556160502091e-32	c1	IPMK
5.93108837515424e-37	0.965125021061389	0.611	0.505	1.99842091712447e-32	c1	P4HB
6.11899324319139e-37	0.626252670378508	0.472	0.289	2.06173358336091e-32	c1	MIR4435-2HG
6.68306664482782e-37	1.07132358385965	0.427	0.279	2.25179247530828e-32	c1	DHX36
8.40826189993088e-37	0.912362546080584	0.265	0.125	2.83307976456271e-32	c1	NR4A1
1.27414454670949e-36	1.26274513591074	0.305	0.164	4.29310263568295e-32	c1	MARS
1.98404645436777e-36	1.12947931955894	0.425	0.271	6.68504612334677e-32	c1	PAM
5.33141308239309e-36	0.659611169389992	0.705	0.577	1.79636632398153e-31	c1	HSP90B1
6.61424548944785e-36	1.51384707349232	0.231	0.11	2.22860387521456e-31	c1	TET2
8.29965021440504e-36	0.444197897482427	0.907	0.863	2.79648414324164e-31	c1	CNBP
8.47684315736013e-36	1.4681622107967	0.198	0.083	2.85618753344092e-31	c1	YES1
9.86533848240018e-36	0.9439315850104	0.459	0.304	3.32402714825992e-31	c1	WDR33
1.22009528106581e-35	0.853235488783217	0.494	0.339	4.11098904002315e-31	c1	HBP1
1.23677445728536e-35	0.708159694854333	0.626	0.48	4.1671878563773e-31	c1	PNRC2
1.24618970033648e-35	0.895798586957748	0.493	0.343	4.19891157631374e-31	c1	PPP1CB
1.2891066375184e-35	0.841088113744087	0.564	0.425	4.34351590445451e-31	c1	PFDN2
1.529071236784e-35	1.06295057063161	0.355	0.208	5.15205262522001e-31	c1	SIKE1
2.02287558992982e-35	0.767004629222146	0.608	0.462	6.81587701270952e-31	c1	PRKCH
2.54990981077018e-35	1.47887961934953	0.198	0.085	8.59166611640905e-31	c1	NAB1
4.05056859021562e-35	0.631445266307904	0.713	0.585	1.36479858078725e-30	c1	HNRNPA3
8.25276270642621e-35	0.681131083173323	0.65	0.541	2.78068586630325e-30	c1	DDT
8.30995923636493e-35	0.604563440380898	0.427	0.251	2.7999576651008e-30	c1	GZMH
1.21562767761317e-34	1.23038863442027	0.298	0.159	4.0959358969498e-30	c1	IARS
1.23560644491507e-34	0.53501484620053	0.774	0.66	4.16325235549683e-30	c1	PARK7
1.98285547827295e-34	0.576902319037343	0.763	0.67	6.68103324849288e-30	c1	PPP1R2
2.69258465160325e-34	1.19516542657846	0.269	0.137	9.07239472511198e-30	c1	ST8SIA4
2.75970757359694e-34	1.13834523542472	0.345	0.203	9.29855869847753e-30	c1	PLEKHA2
3.41609993262221e-34	1.59715552887786	0.173	0.07	1.15102071129773e-29	c1	SSH1
3.995592876334e-34	1.07567038939848	0.37	0.227	1.34627506375198e-29	c1	NTMT1
6.26187894331719e-34	1.20689824397886	0.281	0.149	2.10987749116129e-29	c1	MAPK6
6.68809931703595e-34	0.927790111722726	0.405	0.256	2.25348818388209e-29	c1	CYSTM1
6.96382601209236e-34	0.686975557595356	0.678	0.564	2.3463915365144e-29	c1	SRSF10
7.11364342167771e-34	1.09271670408347	0.364	0.221	2.39687101450009e-29	c1	ZBTB1
7.71147877026383e-34	1.63373385088052	0.164	0.065	2.5983056568527e-29	c1	METRNL
1.07113158179843e-33	1.57868508184994	0.198	0.087	3.60907075171162e-29	c1	KLRC3
1.37916063792378e-33	1.1341740117388	0.324	0.185	4.64694385342038e-29	c1	TXNDC11
1.56012122134572e-33	2.13862001214735	0.123	0.041	5.25667244320226e-29	c1	LINC01588
1.73964688770541e-33	1.14493543725399	0.294	0.159	5.8615662234346e-29	c1	PRPF39
1.77391753248647e-33	0.640807608717266	0.691	0.562	5.97703773395993e-29	c1	OPTN
2.02432141210493e-33	0.585722686287443	0.716	0.593	6.82074856594634e-29	c1	SAMSN1
2.80643696273825e-33	1.46302034697866	0.219	0.102	9.45600870225027e-29	c1	HIST1H4J
2.8502493743195e-33	0.862544405478648	0.485	0.334	9.60363024183214e-29	c1	GLUD1
3.03730258812224e-33	0.928537221265948	0.463	0.318	1.02338873404191e-28	c1	PPP2CA
3.05936117573059e-33	0.828715348150013	0.509	0.361	1.03082115455067e-28	c1	RFTN1
3.85909827082153e-33	1.96019933786076	0.175	0.074	1.30028457137061e-28	c1	GBE1
4.36129826604669e-33	1.48061611727182	0.193	0.085	1.46949583776177e-28	c1	SSFA2
4.5433550164886e-33	0.503408323971307	0.912	0.896	1.53083803925567e-28	c1	ARHGDIB
5.25243788957268e-33	0.826487012518391	0.41	0.255	1.76975642251262e-28	c1	CKS2
5.25509943019197e-33	0.835504925915049	0.568	0.443	1.77065320200888e-28	c1	LMAN1
6.56312763057627e-33	1.15579054815652	0.294	0.16	2.21138022384637e-28	c1	SEC24D
9.26562127375702e-33	0.555235423800176	0.798	0.715	3.12195843197969e-28	c1	STK4
9.46570869721659e-33	1.67606102701481	0.219	0.102	3.18937588844016e-28	c1	XCL2
1.20278646199442e-32	0.218629496519372	0.997	0.998	4.05266870504401e-28	c1	RPS24
1.34847128635078e-32	1.56498246766083	0.161	0.064	4.54353915223031e-28	c1	RP11-277P12.6
2.00632559634951e-32	1.25313912155455	0.289	0.158	6.76011346434003e-28	c1	RELB
2.2648317803288e-32	1.29595029378936	0.262	0.137	7.63112420063986e-28	c1	CCDC64
2.27721814250165e-32	0.409725829208893	0.907	0.866	7.67285880934507e-28	c1	YBX1
2.34495892200688e-32	1.68760958088598	0.178	0.077	7.90110459180999e-28	c1	SLC2A8
2.83676351703363e-32	0.879822740443173	0.557	0.432	9.5581909942931e-28	c1	FAM162A
6.18067634163676e-32	0.845278874390297	0.45	0.308	2.08251708655109e-27	c1	ZMYM2
7.21594662276547e-32	1.57023516203786	0.119	0.04	2.4313410550746e-27	c1	TRBV29-1
7.34072922189644e-32	0.341691998272784	0.97	0.961	2.47338530402579e-27	c1	BTG1
8.34751408017264e-32	0.909631578983299	0.468	0.324	2.81261139417337e-27	c1	SLC38A2
1.485059812472e-31	2.99768522086926	0.053	0.009	5.00376053214317e-27	c1	UBE2F-SCLY
1.53493336778287e-31	1.72857691256027	0.143	0.054	5.1718044894076e-27	c1	SLC2A13
1.64568356197175e-31	1.65153689045479	0.154	0.061	5.5449661937076e-27	c1	ZDBF2
1.70219742669806e-31	1.29167094484657	0.239	0.121	5.73538400951644e-27	c1	ABHD17A
3.859332250858e-31	0.986130047255357	0.369	0.231	1.30036340860409e-26	c1	UBE2K
5.03794282553143e-31	1.62239852130133	0.168	0.071	1.69748445563456e-26	c1	GFOD1
5.80380221774384e-31	0.168906454987533	0.274	0.135	1.95553311924661e-26	c1	CXCL13
5.88134490788001e-31	1.43853406392876	0.188	0.084	1.98166035326109e-26	c1	CDADC1
7.84633050243218e-31	2.65089628969639	0.06	0.012	2.6437425994895e-26	c1	IGHV1-3
8.91588367107462e-31	1.26051457065808	0.282	0.157	3.00411784413188e-26	c1	PNPLA8
1.23047324688335e-30	1.27631024792138	0.24	0.122	4.14595655804875e-26	c1	USP37
1.25518740181787e-30	2.37470376350432	0.079	0.02	4.22922843168514e-26	c1	SLC2A14
1.25640735877287e-30	0.376849493954451	0.887	0.789	4.2333389546493e-26	c1	ENO1
1.38753215013256e-30	0.977086022228228	0.402	0.268	4.67515082665664e-26	c1	ISCA1
1.42073086845805e-30	0.759881790216299	0.555	0.415	4.78701058818257e-26	c1	HIF1A
1.63762391388545e-30	1.51773086148717	0.17	0.073	5.51781001544565e-26	c1	VCAM1
1.7387947433071e-30	0.51677647566459	0.776	0.702	5.85869500809896e-26	c1	TOMM20
1.76156844324282e-30	1.41790617798633	0.196	0.09	5.93542871266237e-26	c1	PIGA
2.53323189850161e-30	0.309615610296188	0.953	0.932	8.53547155881132e-26	c1	UQCRB
3.67593907665002e-30	1.01459600969989	0.367	0.231	1.23857091248646e-25	c1	SAR1A
5.64545419137595e-30	0.566412111425506	0.745	0.633	1.90217933524221e-25	c1	CDC42
6.98912854523203e-30	0.409109180469014	0.882	0.832	2.35491697203048e-25	c1	PTPRCAP
9.3128683490463e-30	0.856387988897402	0.493	0.36	3.13787786152766e-25	c1	TOMM5
1.17524576684061e-29	1.01774620726956	0.353	0.219	3.95987308679276e-25	c1	STAT5B
1.41794804939953e-29	0.315128251832186	0.922	0.795	4.77763415764678e-25	c1	CD74
1.66415902054749e-29	0.300068224002417	0.884	0.802	5.60721740383272e-25	c1	TUBB
2.04925298787463e-29	0.91379561141419	0.426	0.286	6.90475301734477e-25	c1	RLF
2.47919046160721e-29	1.48449881704441	0.191	0.088	8.35338434133934e-25	c1	HIF1A-AS2
2.96795326388431e-29	1.33396143941654	0.234	0.122	1.00002217273318e-24	c1	ATG9A
3.58431715553953e-29	1.07932779079574	0.309	0.183	1.20769982238749e-24	c1	YY1AP1
4.38333915390032e-29	0.891708848650107	0.516	0.388	1.47692229451517e-24	c1	PIM1
5.74794161827834e-29	0.859975866939042	0.342	0.201	1.9367114488627e-24	c1	KLRD1
5.87618377723558e-29	0.656609987010819	0.687	0.599	1.97992136190176e-24	c1	SEC61G
6.42495574774648e-29	1.42427295601925	0.187	0.087	2.1648245896457e-24	c1	SDE2
8.00163249115451e-29	0.70012123243524	0.619	0.514	2.6960700515696e-24	c1	VDAC1
1.11838146065514e-28	1.03381519989589	0.317	0.189	3.76827449353144e-24	c1	IPCEF1
1.17888088592609e-28	0.392398847351624	0.984	0.978	3.97212125703935e-24	c1	FTL
2.28534554049935e-28	1.223763095899	0.253	0.138	7.70024326415852e-24	c1	CRKL
2.3534011566495e-28	0.825115253191145	0.477	0.339	7.92954985721483e-24	c1	CHD1
2.63869336847768e-28	1.29127044653014	0.213	0.105	8.89081343574871e-24	c1	CD200
2.87555011427222e-28	0.315783820192931	0.948	0.89	9.68887855502881e-24	c1	SUMO2
4.53327015961769e-28	0.984131225364662	0.357	0.224	1.52744004758159e-23	c1	PPP1R16B
7.00274012249521e-28	1.26449242492694	0.194	0.092	2.35950325687354e-23	c1	PPP1R15B
7.20142788640535e-28	0.968774412836466	0.391	0.26	2.42644911204542e-23	c1	NUP98
8.42269288016279e-28	0.707339577806999	0.503	0.367	2.83794213904205e-23	c1	HNRNPR
8.67069462780316e-28	0.474010563665321	0.732	0.633	2.92150384789199e-23	c1	RBM39
1.02884948513052e-27	0.366571665870393	0.946	0.936	3.46660545519877e-23	c1	PTPRC
1.04055817426857e-27	0.383800369076863	0.854	0.728	3.50605671238053e-23	c1	PKM
1.21507210164891e-27	0.694357363898922	0.509	0.376	4.09406393929583e-23	c1	PPP3CC
1.24974256413893e-27	0.52332676388582	0.776	0.686	4.21088259560972e-23	c1	SLC25A3
2.18542066512646e-27	0.74432575703967	0.44	0.304	7.3635563890771e-23	c1	AZIN1
2.18996983969674e-27	0.585690279220061	0.718	0.611	7.37888437787419e-23	c1	CDKN1B
2.46732130333203e-27	0.875996981782988	0.37	0.238	8.31339239944693e-23	c1	MIS18BP1
2.50703092829595e-27	0.799554626245042	0.446	0.314	8.44719000980038e-23	c1	DERL1
2.76489179461928e-27	0.648853428808054	0.449	0.296	9.3160264127902e-23	c1	SLA2
2.95188499475033e-27	0.631463496941086	0.555	0.407	9.94608130131175e-23	c1	ITGA4
3.09502557025077e-27	1.86170370224895	0.117	0.043	1.04283791564029e-22	c1	PLCXD2
3.11055650989123e-27	0.394983998578142	0.868	0.772	1.04807091044275e-22	c1	PGK1
3.45029224597578e-27	1.1089746232143	0.295	0.175	1.16254146935908e-22	c1	H1FX
5.07340089625858e-27	1.07213524964427	0.339	0.215	1.70943169798537e-22	c1	PAICS
6.43306665929665e-27	1.10895325918822	0.314	0.193	2.16755748018341e-22	c1	OXSR1
6.8799700478572e-27	0.729500825816719	0.485	0.354	2.31813710792501e-22	c1	HIST1H1E
7.38122133864995e-27	1.17464650947346	0.244	0.132	2.48702871784471e-22	c1	HSPA13
7.67914943241468e-27	0.850938307953365	0.289	0.164	2.5874126097578e-22	c1	CD70
8.00968526485697e-27	1.59742307441972	0.154	0.067	2.69878335314091e-22	c1	AKAP5
8.42818586247888e-27	1.08696262176581	0.304	0.183	2.83979294450363e-22	c1	USP11
8.8570010040677e-27	1.41610341973375	0.134	0.053	2.98427791831057e-22	c1	NR4A3
9.30483325861094e-27	0.651145876860776	0.623	0.509	3.13517051815637e-22	c1	HERPUD1
1.51675770666949e-26	0.216614950477123	0.992	0.978	5.11056341685217e-22	c1	HLA-C
1.61248264280866e-26	0.732737951628657	0.489	0.357	5.43309901667951e-22	c1	PNN
2.0990368311482e-26	0.720670838465877	0.531	0.416	7.07249469887076e-22	c1	RPN1
2.61764150723714e-26	1.4826119369809	0.179	0.085	8.8198812944848e-22	c1	DDHD2
3.18906949384883e-26	0.610893573640314	0.614	0.482	1.07452507525743e-21	c1	RAD21
3.871224283555e-26	1.02103752725221	0.262	0.146	1.30437031010102e-21	c1	NSMCE3
4.09166559761925e-26	1.1585299179624	0.267	0.153	1.37864580646183e-21	c1	ASXL2
9.72872954580136e-26	0.49587598330644	0.736	0.666	3.27799813316231e-21	c1	PRRC2C
1.06404330806589e-25	1.93412835799957	0.098	0.033	3.58518752219719e-21	c1	HEATR5A
2.30473827179325e-25	0.987795433557192	0.309	0.19	7.76558513298019e-21	c1	BACH1
2.41051187731856e-25	0.966004656339631	0.352	0.232	8.12197871943717e-21	c1	RSBN1
2.54949517091208e-25	1.7747147556751	0.123	0.048	8.59026902887115e-21	c1	PPAT
3.329488119438e-25	0.895626760538589	0.288	0.167	1.12183772696344e-20	c1	GALNT2
3.36425913408317e-25	0.813489197110748	0.447	0.32	1.13355347263798e-20	c1	DR1
3.76160085305802e-25	0.249453977038248	0.917	0.837	1.26743379142937e-20	c1	IL32
4.51565824591313e-25	1.05788007394631	0.277	0.164	1.52150588937797e-20	c1	SUCO
4.74901206254909e-25	1.47317489164658	0.147	0.063	1.60013212435529e-20	c1	PAPD5
5.59074483569021e-25	0.755911227893159	0.434	0.307	1.88374556493746e-20	c1	TRA2A
7.3715359640259e-25	1.35339640763975	0.173	0.082	2.48376532771889e-20	c1	STARD4
1.09311713784429e-24	1.29164056181365	0.182	0.089	3.68314888425254e-20	c1	TFRC
1.32202787455639e-24	0.746531856640542	0.576	0.477	4.45444072053028e-20	c1	RNF149
1.33033895334488e-24	1.16029986151177	0.236	0.13	4.48244406940023e-20	c1	GNL3
1.59597753251745e-24	0.459037258446492	0.826	0.738	5.37748669806429e-20	c1	SNHG8
1.87834903071089e-24	1.12482811117098	0.264	0.154	6.32890922407727e-20	c1	BTAF1
2.12577337774846e-24	1.04777623943783	0.336	0.221	7.16258081898565e-20	c1	UPF3B
3.28024678292813e-24	0.748711658632221	0.486	0.37	1.10524635103981e-19	c1	FNBP4
4.11150358899163e-24	0.739499465261905	0.465	0.345	1.38533001927484e-19	c1	CALCOCO2
4.32307755591362e-24	1.07793751259462	0.269	0.16	1.45661775168954e-19	c1	C16orf87
4.53459467537579e-24	0.649912063689524	0.5	0.378	1.52788632992112e-19	c1	SERPINB9
4.58723357845482e-24	0.256393332383654	0.982	0.971	1.54562248192457e-19	c1	SERF2
5.10992829994376e-24	2.34210086453935	0.054	0.012	1.72173924138305e-19	c1	ERRFI1
5.7646395630036e-24	0.755600380321351	0.425	0.3	1.94233765435843e-19	c1	PJA2
5.83831412746435e-24	0.427802169172565	0.746	0.661	1.96716156210784e-19	c1	PAIP2
6.58420200199146e-24	0.663965671973556	0.56	0.458	2.218481022551e-19	c1	CAMLG
8.44026452424176e-24	0.4884327702378	0.7	0.614	2.84386272879802e-19	c1	SEPT7
1.37661875529106e-23	0.634884241850648	0.488	0.365	4.63837923407769e-19	c1	KIF5B
1.54190071536414e-23	1.05362726771765	0.256	0.15	5.19528027034793e-19	c1	CCNT2
2.80897894795683e-23	0.465847154010477	0.701	0.612	9.46457366724576e-19	c1	SAP18
2.89180077028047e-23	0.502307028484396	0.713	0.634	9.743633515383e-19	c1	NCL
3.95402290713551e-23	1.26262867018958	0.193	0.1	1.33226847833024e-18	c1	ARNT
4.01707806953664e-23	1.22021102358329	0.193	0.099	1.35351428474968e-18	c1	FAR1
4.7269038338494e-23	1.56710505871281	0.155	0.073	1.59268297777722e-18	c1	ARG2
5.28733302309264e-23	1.03762228791499	0.394	0.281	1.78151398880084e-18	c1	CHST12
6.88107763477081e-23	0.868955347052702	0.349	0.231	2.31851029825968e-18	c1	NFATC2
8.11530355613609e-23	0.72950706144853	0.44	0.316	2.7343703802045e-18	c1	YARS
8.8764275591922e-23	0.756814563653936	0.46	0.344	2.99082350179422e-18	c1	SF3A1
1.00806071777573e-22	1.25118939841122	0.199	0.105	3.39655978247356e-18	c1	ODC1
1.06422640843382e-22	0.659474682628836	0.539	0.432	3.58580446057693e-18	c1	ANP32A
1.44483377056289e-22	1.19323765784349	0.209	0.114	4.8682229065346e-18	c1	TMEM39A
1.81484517450192e-22	1.3132564907868	0.179	0.09	6.11493933096678e-18	c1	ARL5B
2.30608014245824e-22	1.42718149382244	0.203	0.11	7.77010643199878e-18	c1	GPAT4
2.91250791676272e-22	1.20036501682161	0.178	0.089	9.81340417474031e-18	c1	KLRC2
3.56055537067068e-22	1.37565172800597	0.188	0.098	1.19969352659378e-17	c1	ATP7A
4.00273651736686e-22	1.32078751109897	0.158	0.075	1.34868204216159e-17	c1	FEM1C
4.28441363378217e-22	1.70868042101989	0.116	0.048	1.44359032976657e-17	c1	AFAP1L2
4.30524050928569e-22	1.50146353799657	0.129	0.056	1.45060773719872e-17	c1	RMND5A
5.35430945382387e-22	1.12965529562321	0.22	0.122	1.80408102737142e-17	c1	TRAF5
6.20370027243047e-22	0.419888828029208	0.734	0.642	2.09027476979272e-17	c1	UBE2B
6.9385605507513e-22	0.655227290827832	0.483	0.362	2.33787859197014e-17	c1	IGFLR1
7.14639754362863e-22	0.90992785445207	0.32	0.209	2.40790718835023e-17	c1	MORF4L2
8.92335901272876e-22	0.713612560680281	0.449	0.329	3.00663658574883e-17	c1	PCED1B
9.26052051108313e-22	1.17565507533801	0.221	0.125	3.12023978100435e-17	c1	SLC2A1
9.59043073528186e-22	1.75184439223463	0.103	0.04	3.23139973194587e-17	c1	GOLIM4
1.00041678872034e-21	1.12198494445706	0.213	0.116	3.37080432791433e-17	c1	TWF1
1.07291632420478e-21	1.47094399444942	0.137	0.062	3.61508426277558e-17	c1	GPR137B
1.14474813203421e-21	2.32793288207137	0.048	0.011	3.85711435607606e-17	c1	CH507-42P11.8
1.19848536243348e-21	1.53384007158417	0.082	0.027	4.03817658018336e-17	c1	LINC01480
1.42481385658508e-21	1.69438209027344	0.108	0.044	4.80076780837777e-17	c1	ATP8B4
1.67540876009808e-21	0.988548451714802	0.257	0.153	5.64512227627446e-17	c1	AKAP17A
1.72223918921152e-21	0.876852281363685	0.296	0.186	5.80291272412931e-17	c1	ATP8A1
1.74123465602349e-21	0.621344449760474	0.557	0.452	5.86691605000554e-17	c1	SLC38A1
2.10578671091826e-21	0.916578590513193	0.324	0.216	7.09523774376798e-17	c1	RAB1A
3.14775964652481e-21	0.504733798004049	0.642	0.543	1.06060613530007e-16	c1	GPBP1
3.46637636284991e-21	0.809383299015087	0.364	0.251	1.16796085169865e-16	c1	COPA
3.60687535880366e-21	1.03315017075068	0.247	0.147	1.21530058339531e-16	c1	RBM18
5.33179235419309e-21	0.7667012399521	0.379	0.265	1.79649411582182e-16	c1	SMC3
5.48260648308161e-21	0.470359311215855	0.698	0.6	1.84730942840952e-16	c1	CORO1B
5.93807097361976e-21	1.16463604585546	0.204	0.113	2.00077363385144e-16	c1	VEZT
6.06768039071437e-21	0.377778706531726	0.501	0.351	2.0444442308473e-16	c1	AC092580.4
6.16996864872497e-21	0.823448797021438	0.378	0.265	2.07890923650139e-16	c1	PCBP1
6.49117680989215e-21	0.66270906171501	0.496	0.393	2.18713711432506e-16	c1	NUDCD2
8.30783720912072e-21	0.514267326777141	0.622	0.518	2.79924266924113e-16	c1	ZNF292
8.4665396725795e-21	1.56973499261139	0.114	0.048	2.85271587727894e-16	c1	RELT
1.0878011317734e-20	1.00233136288647	0.312	0.206	3.66523713339728e-16	c1	N4BP2L1
1.12381970135702e-20	0.220369508699446	0.974	0.967	3.78659810175234e-16	c1	RPL36AL
1.2092683844046e-20	0.996528027031229	0.252	0.152	4.07450889441287e-16	c1	UBA6
1.41428616558645e-20	0.939178144966156	0.269	0.167	4.76529580632698e-16	c1	ARL8B
2.06088192821282e-20	1.34888579045707	0.132	0.06	6.94393556892029e-16	c1	RYBP
2.97269119761486e-20	2.14768038475525	0.072	0.023	1.00161857212435e-15	c1	LINC00467
3.15361029511513e-20	0.585532500740073	0.64	0.548	1.06257745283609e-15	c1	SH2D2A
3.47851421084682e-20	0.283616364900428	0.871	0.792	1.17205057820273e-15	c1	CLIC1
3.51361925459524e-20	0.799725742008237	0.329	0.22	1.18387887164332e-15	c1	PAG1
3.77379542725467e-20	0.705514176237806	0.505	0.402	1.27154263125919e-15	c1	RALA
3.90288682304123e-20	1.2893112113268	0.164	0.083	1.31503868615551e-15	c1	TRGC2
5.83196359318784e-20	0.343127928038552	0.892	0.847	1.96502181308871e-15	c1	YWHAZ
6.45215845713307e-20	0.839033895592288	0.269	0.165	2.17399027054642e-15	c1	GPCPD1
6.52580833245973e-20	0.944212514429193	0.379	0.28	2.19880585953898e-15	c1	MOB4
7.7369230832429e-20	1.55824408369278	0.088	0.033	2.60687886366786e-15	c1	SFMBT2
8.9935373145155e-20	0.918511588942357	0.301	0.198	3.03028246275285e-15	c1	INPP4B
1.01097849985033e-19	0.256081509358176	0.843	0.807	3.40639095739571e-15	c1	PTGES3
1.06088067084419e-19	0.840758304909747	0.487	0.391	3.57453133234242e-15	c1	SYNGR2
1.12242207127243e-19	1.19674762442104	0.142	0.067	3.78188892694532e-15	c1	THBS1
1.13601945013417e-19	0.649053253248797	0.47	0.362	3.82770393528206e-15	c1	PLIN2
1.63848349240681e-19	2.25377961222864	0.053	0.014	5.52070627931551e-15	c1	MTMR8
1.64821143624193e-19	0.620878042084256	0.49	0.381	5.55348361327355e-15	c1	ZC3HAV1
2.6472976569066e-19	2.08522025919495	0.083	0.031	8.91980472518109e-15	c1	ABHD6
3.21538323923246e-19	0.703336047766355	0.393	0.284	1.08339122862698e-14	c1	NFE2L2
4.18785043393904e-19	0.660794114458994	0.445	0.34	1.41105432521142e-14	c1	SH3GLB1
4.36775403524494e-19	0.716389131060394	0.445	0.339	1.47167104463543e-14	c1	ZBTB25
4.5555113532835e-19	1.71941855956491	0.089	0.034	1.53493399537534e-14	c1	NSMF
4.91170042537872e-19	0.613915108455497	0.51	0.407	1.6549483413271e-14	c1	TXNL1
6.47502305986741e-19	0.610438390282076	0.485	0.375	2.18169426979172e-14	c1	APMAP
6.49608715418395e-19	0.733387521491233	0.336	0.225	2.18879160573074e-14	c1	RALGAPA1
6.60267810836736e-19	0.589828589815781	0.515	0.414	2.2247063618333e-14	c1	UBE2V1
6.75222925355675e-19	0.733901049883172	0.183	0.097	2.27509612469341e-14	c1	TRAV14DV4
9.12285525761129e-19	1.03949838638909	0.258	0.162	3.07385485049955e-14	c1	SEC23B
9.26606493360171e-19	0.735033649936433	0.416	0.315	3.12210791872776e-14	c1	DCP2
9.80030512464208e-19	0.722465961719851	0.413	0.311	3.3021148086969e-14	c1	NRBP1
1.11259779098479e-18	1.10230306149482	0.176	0.094	3.74878699694415e-14	c1	RUBCN
1.23314766991332e-18	0.628623821242551	0.513	0.412	4.15496775900595e-14	c1	TRA2B
1.27452821486682e-18	0.717227252801507	0.2	0.109	4.29439536717228e-14	c1	TRBV20-1
1.33305682437314e-18	1.11583679112018	0.197	0.11	4.49160166404286e-14	c1	SETDB2
1.34079560216269e-18	0.385438941160209	0.761	0.703	4.51767670192697e-14	c1	CIRBP
1.74397786015709e-18	0.902770498285896	0.273	0.175	5.87615900201331e-14	c1	ZNF394
1.92720469772299e-18	0.846675117330365	0.334	0.234	6.49352350850783e-14	c1	MAP2K1
2.22936665096536e-18	1.01994732987044	0.227	0.137	7.51162799376269e-14	c1	CDK16
2.33594778130896e-18	0.666518469514463	0.42	0.315	7.87074245434241e-14	c1	BUD31
2.38363066413988e-18	0.437297675624137	0.766	0.701	8.03140515975291e-14	c1	RAN
2.39158118507854e-18	0.657648975890407	0.543	0.462	8.05819364500364e-14	c1	CANX
2.88723657133763e-18	0.310657407988497	0.896	0.86	9.72825490346502e-14	c1	CHCHD2
2.92746371009018e-18	0.909105343328423	0.251	0.157	9.86379622477786e-14	c1	PEX3
3.01447426096313e-18	0.900109899601828	0.156	0.079	1.01569695748892e-13	c1	TRGV9
3.44505024783263e-18	0.64492151964505	0.477	0.374	1.16077523050473e-13	c1	PDIA6
3.72276739077264e-18	1.49141305502086	0.115	0.052	1.25434924464693e-13	c1	PDGFA
4.4337188286321e-18	1.22885121011321	0.149	0.076	1.4938972221193e-13	c1	CTB-31O20.2
4.63421861240601e-18	1.09922338331554	0.176	0.095	1.56145361926408e-13	c1	IRF4
4.73335152368222e-18	1.91692144574881	0.078	0.029	1.59485546238949e-13	c1	CD109
4.76102548991812e-18	1.71527325564394	0.078	0.029	1.60417992857301e-13	c1	CASZ1
4.91026850056904e-18	0.907275938748849	0.238	0.144	1.65446586858173e-13	c1	LUC7L
5.28644147411898e-18	0.712001514728573	0.391	0.291	1.78121359028965e-13	c1	CEBPZ
5.83541203296233e-18	0.478290919717017	0.618	0.515	1.96618373038633e-13	c1	GNG2
5.88979271362441e-18	0.172773586167505	1	1	1.98450675692861e-13	c1	MALAT1
6.34578701984578e-18	0.958051198012943	0.188	0.104	2.13814947846684e-13	c1	PDK1
6.79048464403261e-18	0.705653833284254	0.416	0.313	2.28798589596035e-13	c1	SRRM2
7.45825275548794e-18	0.621961796065169	0.492	0.392	2.51298368343411e-13	c1	EPB41L4A-AS1
8.11714968823192e-18	1.26252014485184	0.138	0.068	2.73499241595286e-13	c1	AUH
8.17838263971951e-18	0.617487478703121	0.491	0.395	2.75562424662709e-13	c1	SRSF4
1.07343632481192e-17	0.475802035389169	0.418	0.311	3.6168363528213e-13	c1	ICOS
1.31968290282156e-17	0.404133917736029	0.715	0.642	4.44653957276698e-13	c1	NDUFB4
1.41631062017532e-17	0.535443342943836	0.556	0.466	4.77211700361873e-13	c1	IFI16
1.7202222421598e-17	0.74864555076016	0.416	0.319	5.79611682273322e-13	c1	HSPA9
1.86518499482377e-17	1.81920288480692	0.062	0.02	6.28455432155922e-13	c1	RASD1
2.0359730223912e-17	1.16181799425914	0.21	0.125	6.8600075016449e-13	c1	SERTAD1
2.04026956785956e-17	0.835125702918405	0.327	0.227	6.87448428194601e-13	c1	SRP54
2.22293170448317e-17	0.576943309069487	0.538	0.446	7.48994608508558e-13	c1	ARID4B
2.22334279932017e-17	0.835406974047078	0.258	0.163	7.49133122802939e-13	c1	SMARCA2
2.45140311911103e-17	1.750300530527	0.081	0.031	8.2597576695327e-13	c1	CAB39L
2.85198299600171e-17	0.200973510274067	0.766	0.682	9.60947150672817e-13	c1	JUNB
2.8833368856939e-17	0.423458957037028	0.691	0.62	9.71511530265702e-13	c1	STK17B
2.89332239161111e-17	0.809776057111817	0.317	0.217	9.74876046629447e-13	c1	RAB5A
3.1489442728306e-17	0.619690638395957	0.493	0.403	1.06100528328754e-12	c1	CYTH1
3.42832278214301e-17	2.23448049300758	0.131	0.064	1.15513907821527e-12	c1	XCL1
3.9478955636991e-17	0.674978885866049	0.44	0.348	1.33020393123277e-12	c1	PSMD13
4.40747669814063e-17	1.43424305955609	0.112	0.051	1.4850551986715e-12	c1	RPF2
4.65565939526707e-17	1.26451507024173	0.142	0.072	1.56867787664129e-12	c1	CTDP1
4.8617098373746e-17	1.0766117697892	0.208	0.123	1.638104512605e-12	c1	RCOR3
5.2267645844808e-17	0.983743868054853	0.232	0.143	1.76110605909496e-12	c1	ELMO1
5.33089412021023e-17	0.44668957681628	0.614	0.526	1.79619146486364e-12	c1	SF3B1
6.07352872221378e-17	0.896502866845657	0.319	0.226	2.04641476766271e-12	c1	UBE2E3
6.65077405796492e-17	0.613175735568318	0.49	0.396	2.2409118110907e-12	c1	BRD2
7.46462142431677e-17	0.60729733630237	0.375	0.27	2.51512954270929e-12	c1	ZEB1
7.63487104836376e-17	0.6738701034306	0.394	0.295	2.57249345103568e-12	c1	PHF20
7.94949291343534e-17	0.869858505692968	0.253	0.162	2.6785021422529e-12	c1	KDM6B
8.77493258857275e-17	0.900620639665302	0.284	0.191	2.9566257863937e-12	c1	FBXW11
9.9448656924076e-17	0.979476008087156	0.216	0.131	3.35082304639982e-12	c1	ZNF326
1.02087976537623e-16	0.579229361422073	0.486	0.371	3.43975228145867e-12	c1	ISG15
1.06311313316208e-16	0.319325311260694	0.564	0.43	3.58205339087631e-12	c1	CD27
1.24809876329211e-16	0.41227633063631	0.747	0.689	4.20534397303644e-12	c1	STK17A
1.69213523511341e-16	0.740203336483766	0.309	0.211	5.70148046119112e-12	c1	NFKBIZ
1.8820960922085e-16	1.28630559455925	0.108	0.049	6.34153457308734e-12	c1	HACE1
2.0691951111441e-16	0.787620141074873	0.229	0.14	6.97194600748893e-12	c1	VCPKMT
2.37021245662084e-16	0.712373645106244	0.348	0.25	7.98619385133826e-12	c1	BCAS2
2.56579070369753e-16	1.19256246390766	0.129	0.064	8.64517519703847e-12	c1	ETV3
2.76995937699963e-16	1.59146788608938	0.083	0.034	9.33310112486256e-12	c1	KLRC4-KLRK1
3.94827988198164e-16	0.704263922400054	0.351	0.251	1.33033342343489e-11	c1	JOSD1
4.42709493446282e-16	1.00409164367728	0.194	0.115	1.4916653672179e-11	c1	TRIM26
4.75640763041267e-16	0.465113518411404	0.607	0.53	1.60262398699125e-11	c1	TERF2IP
4.88600017015463e-16	0.744980298010617	0.339	0.243	1.6462888973319e-11	c1	RASSF1
4.97136212345037e-16	0.339377329981463	0.763	0.697	1.67505075387537e-11	c1	HNRNPK
5.06536835778891e-16	0.902708049174968	0.235	0.15	1.70672521447339e-11	c1	SPAG9
5.09784574736267e-16	0.58427101660314	0.539	0.459	1.71766814611638e-11	c1	DCXR
5.92450350681745e-16	1.68490784589694	0.083	0.034	1.99620221158707e-11	c1	GPD2
5.99452379026291e-16	0.829409580606682	0.268	0.179	2.01979484589119e-11	c1	DDX27
6.86874723142029e-16	0.751762133742762	0.335	0.236	2.31435569215475e-11	c1	FAM46C
7.48882757089979e-16	0.891997401393139	0.308	0.222	2.52328556173897e-11	c1	SECISBP2L
8.09967773195292e-16	0.767035234720764	0.287	0.194	2.72910541500422e-11	c1	COPS3
9.55754531133055e-16	0.123368297107798	0.794	0.584	3.22031931719972e-11	c1	CD8A
1.10791660027551e-15	2.06776918122621	0.045	0.013	3.73301419296831e-11	c1	P2RY1
1.19744796340682e-15	0.818049863109433	0.29	0.202	4.03468116790293e-11	c1	KCTD20
1.34361760067415e-15	1.34519213478277	0.1	0.045	4.52718514371147e-11	c1	ENC1
1.5713872803902e-15	0.889581987730629	0.039	0.01	5.29463230254672e-11	c1	IGHV1-2
1.65811041287129e-15	0.754866556071931	0.313	0.221	5.58683722512853e-11	c1	GATAD2B
1.67104169196464e-15	0.870031863438329	0.135	0.069	5.63040787690565e-11	c1	ATF3
1.7268749881354e-15	0.754356812314391	0.364	0.274	5.81853258502343e-11	c1	SMARCA5
2.24867448229179e-15	1.18999029610476	0.167	0.096	7.57668380063397e-11	c1	RBM15
2.35594398138925e-15	0.696279397204838	0.329	0.235	7.93811765089293e-11	c1	GNAI3
2.37807572860913e-15	0.629565749043326	0.51	0.424	8.01268835997561e-11	c1	LBH
2.38682213221687e-15	0.906977146239007	0.227	0.145	8.04215849229152e-11	c1	MTMR6
2.45486220422204e-15	0.554405495475546	0.495	0.406	8.27141271090573e-11	c1	SPCS2
2.50222164985981e-15	1.13309614855595	0.202	0.125	8.43098562703764e-11	c1	POLR1E
2.53002402956033e-15	0.150085332709073	0.515	0.365	8.52466296520058e-11	c1	PRF1
2.96315790708467e-15	0.641269085108116	0.41	0.315	9.9840642521311e-11	c1	C20orf24
2.98209095657249e-15	0.744832344146942	0.323	0.23	1.00478572690753e-10	c1	GSPT1
3.05718889203475e-15	0.782068603260881	0.297	0.208	1.03008922528219e-10	c1	PLEKHB2
3.46687920637096e-15	1.12164344524325	0.163	0.092	1.16813027979463e-10	c1	PIK3C2A
3.55755181201328e-15	0.5777037196456	0.473	0.381	1.19868150753975e-10	c1	YWHAE
3.67664870418347e-15	1.20221258334696	0.153	0.084	1.23881001438758e-10	c1	SUPV3L1
3.71260121590458e-15	0.663846005081075	0.429	0.344	1.25092385368689e-10	c1	HM13
3.79782528187746e-15	0.646196419522088	0.408	0.32	1.27963925047579e-10	c1	SERINC1
3.85854818014733e-15	0.94489917458384	0.211	0.131	1.30009922381884e-10	c1	NADSYN1
3.96095343850441e-15	1.74838320193053	0.071	0.027	1.33460365156967e-10	c1	CLECL1
4.55414977076229e-15	1.21110054274541	0.07	0.027	1.53447522376065e-10	c1	TNFSF9
7.92742265437656e-15	0.739373392631237	0.24	0.154	2.67106578916564e-10	c1	TOX
7.96907128530805e-15	0.988331682541709	0.204	0.127	2.68509887887169e-10	c1	POM121C
8.08631857822617e-15	0.993425343986786	0.231	0.151	2.72460418174753e-10	c1	ZBTB43
8.10365255631627e-15	0.808025640737157	0.288	0.198	2.7304446923252e-10	c1	B4GALT1
8.40896923099418e-15	0.820130038971637	0.259	0.173	2.83331809269118e-10	c1	SPPL2A
9.82514080137711e-15	1.0786420521361	0.175	0.103	3.310482941616e-10	c1	GLMN
1.16519351104426e-14	0.754339884969006	0.267	0.178	3.92600301611252e-10	c1	NECAP1
1.37493585641426e-14	0.551244561032725	0.554	0.483	4.63270887460221e-10	c1	SDCBP
1.37613761824301e-14	0.757699527735564	0.233	0.149	4.63675809090799e-10	c1	BORCS5
1.58851912953787e-14	0.778110921933928	0.289	0.204	5.35235635506489e-10	c1	TXNDC15
1.64396397335247e-14	0.320477420925417	0.776	0.719	5.5391722118138e-10	c1	SLC25A5
1.82873915860092e-14	0.536834111281316	0.343	0.25	6.16175372098994e-10	c1	ID3
1.82922545086369e-14	0.620500115297053	0.398	0.309	6.16339223414011e-10	c1	EWSR1
1.85596135256058e-14	0.816646429764695	0.236	0.155	6.25347618131762e-10	c1	PELO
2.06071053769662e-14	0.552011392878589	0.45	0.365	6.94335808571499e-10	c1	SARS
2.11861947407133e-14	0.726831523595237	0.319	0.229	7.13847645593595e-10	c1	TM2D3
2.18369206160083e-14	1.33595372189796	0.116	0.059	7.35773203235783e-10	c1	DTNB
2.31660343932371e-14	0.825930131054172	0.284	0.202	7.80556362845732e-10	c1	FMNL1
2.42868387567646e-14	1.04157213202963	0.183	0.111	8.18320745070428e-10	c1	GTF3C1
2.44206927819512e-14	1.0088910556059	0.149	0.083	8.22830822595064e-10	c1	TSC22D2
2.5883824343457e-14	0.810932626050422	0.265	0.18	8.72129577428439e-10	c1	CASC3
3.04186376016726e-14	0.394124011119573	0.777	0.74	1.02492557535075e-09	c1	PPIB
3.90296996439766e-14	1.52698792269056	0.106	0.052	1.31506669980415e-09	c1	FAM13A
4.18894488545737e-14	0.792831645041014	0.253	0.171	1.41142308970601e-09	c1	SRA1
5.07714567250445e-14	0.540750521409052	0.431	0.337	1.71069346289365e-09	c1	CCNH
5.12479061736487e-14	0.888138372363888	0.229	0.149	1.72674695061492e-09	c1	RAF1
6.56931471371587e-14	0.887724090534493	0.209	0.133	2.21346489963943e-09	c1	FAM126B
6.7992861161887e-14	0.955262361236457	0.19	0.116	2.29095146398862e-09	c1	NMD3
7.02890701366105e-14	1.06100698001615	0.148	0.083	2.36831992918295e-09	c1	RELL1
7.93666401175663e-14	0.485732345794148	0.428	0.342	2.67417957212128e-09	c1	RBPJ
8.17082352624348e-14	0.858980007358737	0.269	0.188	2.75307727893248e-09	c1	SEC61A1
8.89038595005973e-14	0.847574559101223	0.248	0.168	2.99552664201313e-09	c1	C5orf24
9.05850410200356e-14	1.03892427026292	0.163	0.096	3.05217237212908e-09	c1	SIAH2
9.68328758358599e-14	0.695085285002734	0.321	0.233	3.26268691841346e-09	c1	C3orf17
1.00332777935742e-13	1.02481658734299	0.2	0.127	3.38061261976691e-09	c1	CCPG1
1.07328602000919e-13	1.0740181562485	0.192	0.119	3.61632991581896e-09	c1	MKNK2
1.33736961816455e-13	0.926333761610143	0.249	0.172	4.50613319144363e-09	c1	FAM136A
1.45021242397528e-13	0.680844113759902	0.464	0.391	4.88634574134229e-09	c1	FBL
1.45028465459385e-13	0.677447427322213	0.474	0.39	4.88658911518853e-09	c1	TRBC1
1.48323875257883e-13	0.847273776374297	0.237	0.157	4.99762465293911e-09	c1	YWHAG
1.91539998362424e-13	0.79198069966158	0.259	0.178	6.45374870482351e-09	c1	IFRD1
2.02887201226089e-13	1.56233048725701	0.074	0.031	6.83608135811184e-09	c1	MTHFD1L
2.18154229564772e-13	0.460438461514946	0.58	0.507	7.35048861095541e-09	c1	EVI2B
2.19698698030002e-13	0.899343671704069	0.251	0.174	7.40252793142288e-09	c1	CTNNB1
2.20759268433824e-13	1.07504487191052	0.128	0.068	7.43826279060928e-09	c1	ZBTB21
2.53239464869287e-13	0.415424058071399	0.706	0.654	8.53265052930576e-09	c1	LCP1
2.93728481432386e-13	1.39230313241499	0.1	0.049	9.89688745338283e-09	c1	WIPI1
3.56717321125419e-13	0.461883531177105	0.432	0.331	1.20192334179999e-08	c1	JAML
3.6083485465558e-13	1.05492491202483	0.162	0.095	1.21579695927651e-08	c1	EPT1
3.75341056678224e-13	0.821563977348162	0.23	0.152	1.26467415637161e-08	c1	BANP
4.82612605676077e-13	0.945330840878994	0.207	0.135	1.62611491356497e-08	c1	UHRF1BP1L
5.82638183311011e-13	0.531961565016031	0.455	0.368	1.96314109484812e-08	c1	ZCCHC11
5.92767186627146e-13	0.426645317374677	0.715	0.647	1.99726975862151e-08	c1	DDX5
6.17459412570689e-13	1.96356527296665	0.053	0.019	2.08046774471568e-08	c1	RP11-305L7.1
6.32242236723423e-13	1.65225408821405	0.069	0.029	2.1302769924159e-08	c1	SERAC1
6.55091497070636e-13	0.734284112406419	0.279	0.198	2.2072652902298e-08	c1	RNF138
6.80161465605704e-13	1.15735134962472	0.154	0.091	2.29173604221186e-08	c1	PPP2R5B
7.20600110100399e-13	0.463954213508747	0.357	0.262	2.42799001097228e-08	c1	CDKN1A
7.40632966710668e-13	0.324747812818023	0.654	0.571	2.49548871803492e-08	c1	COX5A
7.4308160536959e-13	0.742820119323018	0.279	0.198	2.5037391611323e-08	c1	UBAP1
7.65330920654294e-13	0.685798797385324	0.399	0.321	2.57870600405258e-08	c1	GOLGA7
7.67995878661108e-13	1.5431149797185	0.088	0.042	2.58768531356074e-08	c1	RP11-442H21.2
8.23379572904715e-13	0.468185414477071	0.516	0.436	2.77429513294515e-08	c1	THRAP3
8.24022139346518e-13	0.890707849836464	0.212	0.138	2.77646019631416e-08	c1	TRG-AS1
8.3926494233441e-13	2.05959073870602	0.052	0.018	2.82781929670156e-08	c1	TNS3
8.96797874998737e-13	0.902992351414596	0.146	0.083	3.02167076002075e-08	c1	JMY
9.52867927270218e-13	0.533108459450575	0.414	0.328	3.21059319414427e-08	c1	YME1L1
9.62308832998408e-13	0.563828649786275	0.407	0.32	3.24240338190483e-08	c1	HIST1H1D
1.01317846625893e-12	0.576529632851911	0.385	0.305	3.41380352421284e-08	c1	PRELID3B
1.16893257957975e-12	1.46655727441393	0.056	0.021	3.93860143363601e-08	c1	RAMP1
1.33955729367698e-12	1.22508265720175	0.113	0.059	4.51350434531522e-08	c1	PTMS
1.41471937410028e-12	0.665579976302034	0.372	0.294	4.76675545909347e-08	c1	RHEB
1.41742329785955e-12	1.29232122812162	0.1	0.05	4.77586605980796e-08	c1	EEF2K
1.5505651283218e-12	0.542475286017082	0.412	0.326	5.22447414336746e-08	c1	PPP4R2
2.08550812418285e-12	0.852893395697389	0.2	0.129	7.02691107362168e-08	c1	AGO2
2.13821314693287e-12	0.9908235048701	0.162	0.097	7.20449537727561e-08	c1	HYOU1
2.29110468428759e-12	0.972079091121761	0.163	0.099	7.7196481232386e-08	c1	SYNJ2
2.40768967306759e-12	0.682913118519631	0.335	0.254	8.11246958443395e-08	c1	TOP1
2.53456293445468e-12	0.802540577568191	0.237	0.162	8.53995635135159e-08	c1	BAK1
2.66820163472695e-12	0.788956510394336	0.274	0.195	8.990238588049e-08	c1	HK1
2.8745478485546e-12	1.00352624839111	0.142	0.081	9.68550152091988e-08	c1	ZBTB2
3.24014830346852e-12	0.813371095553195	0.279	0.202	1.09173556937068e-07	c1	NFAT5
3.29173910561268e-12	0.749076153155548	0.258	0.181	1.10911857424514e-07	c1	UBE4A
3.76434660803608e-12	1.33761099635794	0.076	0.034	1.26835894611168e-07	c1	PCAT29
4.08214791508183e-12	0.568863556148093	0.435	0.358	1.37543891850767e-07	c1	SP140
4.11130168825706e-12	0.100969901220206	1	0.999	1.38526199084134e-07	c1	HLA-B
5.29122578758608e-12	0.931927344295755	0.186	0.118	1.78282561686925e-07	c1	STT3A
5.30219628613224e-12	0.694891682126469	0.229	0.151	1.7865220166494e-07	c1	CDCA7
5.40526923357368e-12	2.23451259204893	0.029	0.007	1.82125141556032e-07	c1	FBXO10
5.68306030464581e-12	0.389125578713026	0.58	0.513	1.91485033904736e-07	c1	RNF7
6.3353803038004e-12	0.766641843813556	0.254	0.18	2.13464303956251e-07	c1	POLR2H
6.57266367423326e-12	1.56348532820277	0.088	0.042	2.21459329839615e-07	c1	ZNF80
7.8717546371412e-12	0.162571350504734	0.987	0.999	2.65230900743836e-07	c1	TMSB4X
8.86643014680583e-12	1.22538426223516	0.092	0.046	2.98745497366476e-07	c1	BRD1
9.00053570528072e-12	1.0112729388638	0.172	0.109	3.03264050053729e-07	c1	RP11-345J4.5
9.32949955595901e-12	0.870545479596331	0.209	0.14	3.14348158038483e-07	c1	C2orf49
9.44592839113154e-12	1.20772714751293	0.08	0.037	3.18271111210786e-07	c1	NR1D2
1.0642675619061e-11	0.596746304674183	0.373	0.297	3.58594312308643e-07	c1	KDELR2
1.10457128796211e-11	1.04040837930348	0.166	0.104	3.72174249765952e-07	c1	RIN3
1.24659066147228e-11	0.902874403735655	0.2	0.132	4.20026257476471e-07	c1	MSI2
1.29061095133417e-11	0.362338710825516	0.687	0.627	4.34858453942534e-07	c1	MSN
1.37103664796262e-11	1.26729668023457	0.113	0.061	4.61957088164524e-07	c1	PFKFB4
1.43733278163959e-11	0.531597264985677	0.411	0.333	4.84294907445644e-07	c1	NAA50
1.48670189982234e-11	1.11606305239818	0.151	0.092	5.00929338126139e-07	c1	PLPP1
1.65532340965961e-11	0.842044195120054	0.205	0.136	5.57744669650708e-07	c1	PPP4R3A
1.67219457700561e-11	0.597039549652953	0.377	0.301	5.6342924077627e-07	c1	GNAS
1.6731450317503e-11	0.717718825260227	0.292	0.217	5.63749486997945e-07	c1	PGM1
1.71717408860236e-11	0.77946657338256	0.251	0.18	5.7858463741368e-07	c1	TPP2
1.75959693304765e-11	0.691491380159282	0.335	0.263	5.92878590621074e-07	c1	MFSD14A
1.76085875887755e-11	0.451996279928478	0.477	0.397	5.93303750216201e-07	c1	NUDT21
1.7746408646221e-11	0.698858081626564	0.284	0.206	5.97947492925772e-07	c1	RIC8A
1.82273120039425e-11	0.902209870511263	0.134	0.076	6.1415105066084e-07	c1	THAP9-AS1
1.96693421866678e-11	0.760817414284436	0.277	0.204	6.62738815637586e-07	c1	PSMD14
2.08539602253323e-11	0.632355659373342	0.304	0.228	7.02653335832348e-07	c1	EIF3J
2.10739435112962e-11	0.452537217827966	0.56	0.502	7.10065452669613e-07	c1	TAX1BP1
2.20922752946518e-11	1.23277479985032	0.131	0.076	7.44377123777998e-07	c1	WDR59
2.45426100533342e-11	0.88557497624251	0.216	0.149	8.26938703137043e-07	c1	ZNF410
2.5398800967753e-11	1.65324114088502	0.054	0.021	8.55787199807468e-07	c1	CHSY1
2.84223371640897e-11	0.627480316835193	0.261	0.185	9.57662228406839e-07	c1	KLHL28
2.91267463425259e-11	0.636767554688216	0.324	0.249	9.81396591265067e-07	c1	ARFGAP3
3.00586791708125e-11	0.885455051688089	0.186	0.122	1.01279713598136e-06	c1	ACSL4
3.02465166288367e-11	0.957161764351508	0.16	0.099	1.01912613129202e-06	c1	DCAF16
3.26718139479071e-11	0.994371280452319	0.164	0.104	1.10084409916078e-06	c1	EZH2
3.41186912662677e-11	0.501095428822362	0.425	0.339	1.14959518352562e-06	c1	ITK
3.4422097178617e-11	0.843881041981121	0.196	0.129	1.15981814233632e-06	c1	BCL2
3.5317928202916e-11	0.653342249853338	0.28	0.204	1.19000227286905e-06	c1	AD000671.6
3.79943668817476e-11	0.823919377432473	0.229	0.16	1.2801821977136e-06	c1	POLR2M
3.82425811539243e-11	0.816872463802059	0.193	0.126	1.28854552940033e-06	c1	RAB39B
4.01994474111879e-11	1.37800769521339	0.067	0.029	1.35448018107256e-06	c1	RP11-575L7.8
4.22606706756959e-11	0.599564534840253	0.364	0.287	1.4239310377469e-06	c1	TMF1
4.47777244179697e-11	0.619277101344682	0.358	0.281	1.50874064653907e-06	c1	HERPUD2
4.49241166346465e-11	0.764583541039652	0.258	0.185	1.51367318588778e-06	c1	AFF4
4.60469127133448e-11	0.776185695057229	0.239	0.168	1.55150467696344e-06	c1	XPO1
4.68610277452133e-11	1.297471486021	0.101	0.054	1.57893546884722e-06	c1	SCLY
5.09360831781308e-11	0.682277673832611	0.26	0.185	1.71624038660394e-06	c1	TMEM263
5.25933849206807e-11	0.545156385245772	0.267	0.189	1.77208151151742e-06	c1	HLA-DMA
5.84249593965725e-11	1.28750066913853	0.113	0.062	1.96857058190811e-06	c1	RP5-940J5.9
6.09463381780501e-11	1.22272437713139	0.088	0.045	2.05352591857122e-06	c1	KIF3B
6.16620538600488e-11	0.860616765041386	0.19	0.125	2.07764124276049e-06	c1	LTN1
6.8088113385221e-11	0.304219928222167	0.617	0.537	2.29416089240164e-06	c1	ARL6IP1
6.91901000013764e-11	0.651773072378338	0.304	0.228	2.33129122944637e-06	c1	MZT1
8.5423081534658e-11	0.52037049830912	0.436	0.369	2.87824530922877e-06	c1	RBM4
8.88568884211065e-11	0.425403101740858	0.369	0.277	2.99394399846076e-06	c1	CTSW
9.65678997237885e-11	0.98731795852513	0.146	0.089	3.25375881329333e-06	c1	EGLN1
9.96180125922972e-11	0.670500575816181	0.244	0.173	3.35652931628486e-06	c1	POGZ
1.00592408109424e-10	0.371314954836437	0.604	0.544	3.38936059883894e-06	c1	SRSF11
1.13424926031639e-10	1.02181918820433	0.113	0.063	3.82173945771005e-06	c1	PDE7B
1.19810893106756e-10	0.314169822805166	0.552	0.467	4.03690823233902e-06	c1	RBM3
1.20332179586026e-10	0.966496113503068	0.108	0.059	4.05447245897155e-06	c1	INPP5F
1.25695540698936e-10	0.888701405699409	0.16	0.101	4.23518554830994e-06	c1	GRAMD1A
1.27719469424132e-10	0.753000479616097	0.2	0.134	4.30337980277672e-06	c1	CEP85L
1.30210048860077e-10	0.595972849918107	0.27	0.197	4.38729738629143e-06	c1	COTL1
1.32868086773239e-10	0.76049293709378	0.228	0.159	4.47685731573751e-06	c1	SEC23A
1.42931264143642e-10	0.738149289145952	0.249	0.177	4.81592601405587e-06	c1	CSNK1G3
1.46118979154033e-10	0.314812694966177	0.711	0.673	4.92333288361598e-06	c1	PSMA7
1.50535505871483e-10	0.177398192443491	0.929	0.913	5.07214333483376e-06	c1	CCNI
1.58396566548362e-10	0.407620665544598	0.53	0.463	5.33701391328052e-06	c1	PSMA6
1.61337920276852e-10	0.461982963543695	0.356	0.277	5.43611988580825e-06	c1	NFKB2
1.62275730626416e-10	1.01114315365876	0.134	0.08	5.46771846772647e-06	c1	SUSD6
1.63180968769086e-10	0.513147048386621	0.475	0.408	5.49821956170559e-06	c1	TCF25
1.76386554154887e-10	1.50196390144244	0.063	0.028	5.94316855569476e-06	c1	PUS7
1.85038033150998e-10	0.974308411481359	0.133	0.079	6.23467148898972e-06	c1	NR2C1
1.90818641727471e-10	0.718501072516596	0.189	0.123	6.42944331436539e-06	c1	GALNT11
2.03038396476806e-10	0.759189996687965	0.271	0.204	6.84117573088949e-06	c1	EIF4A3
2.18698522081668e-10	0.866629977544452	0.151	0.094	7.36882800301972e-06	c1	DUSP10
2.30274837748335e-10	0.572479563669901	0.47	0.409	7.75888038309241e-06	c1	SELPLG
2.31430042386494e-10	0.546348790135531	0.39	0.312	7.79780384817054e-06	c1	ARHGAP9
2.34419185064422e-10	1.41957118564825	0.064	0.029	7.89852002156062e-06	c1	RP11-147L13.15
2.42476260396283e-10	0.443449984436241	0.639	0.56	8.16999511779236e-06	c1	MT2A
2.43094163851928e-10	1.00562350553667	0.144	0.089	8.19081475682685e-06	c1	KDM5C
2.57175213072656e-10	1.26009780528739	0.08	0.04	8.66526162927008e-06	c1	DENND3
2.98373582791811e-10	0.37620849897674	0.775	0.743	1.00533994985873e-05	c1	CXCR4
2.99835378495827e-10	0.718947498672887	0.257	0.189	1.01026532430384e-05	c1	BAG1
3.30761254685489e-10	2.1394358903328	0.036	0.012	1.11446697153729e-05	c1	NTRK1
3.34883820253918e-10	0.659898802769116	0.304	0.234	1.12835754396355e-05	c1	RNF113A
3.39408280115201e-10	0.429397464484262	0.679	0.647	1.14360225902016e-05	c1	PIK3R1
3.39418178843396e-10	0.839162185344005	0.133	0.079	1.14363561179494e-05	c1	FAM53B
3.75589631072367e-10	1.66252349135975	0.028	0.008	1.26551170293523e-05	c1	MCTP1
3.90512955351695e-10	0.791986853196193	0.202	0.138	1.315794351762e-05	c1	RQCD1
3.98754704859309e-10	3.89537097119536	0.011	0.001	1.34356410255296e-05	c1	MIR503HG
4.40990125937339e-10	0.811191714880157	0.195	0.134	1.48587213033327e-05	c1	CTDSPL2
4.64260087045202e-10	0.831792956752869	0.181	0.12	1.5642779372901e-05	c1	ZCCHC8
4.93728728794018e-10	0.364020568430935	0.432	0.344	1.66356957879856e-05	c1	PTGER4
5.20337301942292e-10	0.433694207919075	0.492	0.427	1.75322450516436e-05	c1	CCNG1
5.66206634566448e-10	0.898759996865574	0.137	0.083	1.90777663450819e-05	c1	ATG16L1
6.13540699266788e-10	0.177752272848734	0.904	0.907	2.06726403210952e-05	c1	OST4
6.15797755444603e-10	0.867333959351944	0.204	0.143	2.07486895719504e-05	c1	OXR1
6.42036807188161e-10	0.875616365678144	0.182	0.122	2.16327881813979e-05	c1	TPD52
6.73286660107332e-10	0.641588732097018	0.359	0.292	2.26857207256565e-05	c1	GGNBP2
6.7913204238481e-10	0.907740961200101	0.126	0.075	2.28826750361138e-05	c1	PDE12
7.20820597496592e-10	0.838526303403464	0.164	0.106	2.42873292120502e-05	c1	MCPH1
7.50139320831865e-10	2.16791163876887	0.022	0.005	2.52751942761089e-05	c1	NBL1
7.82298469090465e-10	1.13687215613653	0.056	0.024	2.63587646175341e-05	c1	HIST2H2BE
8.09699211542361e-10	1.0666307662536	0.088	0.046	2.72820052337083e-05	c1	TRGV7
8.23419227446316e-10	2.34388696737539	0.029	0.009	2.77442874495762e-05	c1	FLT1
8.34062495199787e-10	0.681147502099756	0.193	0.13	2.81029017132616e-05	c1	VAPB
8.52492474896902e-10	0.689309416237131	0.297	0.227	2.87238814491762e-05	c1	HUWE1
8.6914231511566e-10	0.343041195649539	0.43	0.35	2.9284881165507e-05	c1	CARD16
8.92917022801856e-10	0.846166676740997	0.141	0.087	3.00859461662857e-05	c1	SAMD8
9.35653094604702e-10	0.625863699616949	0.327	0.26	3.15258953696108e-05	c1	SARNP
9.56028403189596e-10	0.752696978133359	0.236	0.17	3.22124210170702e-05	c1	SACM1L
1.04865776920137e-09	0.772634220603253	0.151	0.095	3.53334748754711e-05	c1	PPTC7
1.10215854653792e-09	0.9874943366428	0.105	0.059	3.71361300670487e-05	c1	PRR7
1.10799061507109e-09	1.18234297772624	0.086	0.045	3.73326357842053e-05	c1	SH3GL1
1.19698908604676e-09	0.754535766828366	0.228	0.163	4.03313502652597e-05	c1	HAUS3
1.28280470712238e-09	0.969564499152022	0.121	0.071	4.32228218017813e-05	c1	ELMSAN1
1.51098693876975e-09	0.984487966424706	0.13	0.08	5.09111939149078e-05	c1	D2HGDH
1.51510431977599e-09	1.30977953405285	0.284	0.218	5.10499249505321e-05	c1	RP11-291B21.2
1.5474668319358e-09	0.536768129697013	0.346	0.278	5.21403474352448e-05	c1	RAB10
1.55894184794087e-09	0.834382066098754	0.175	0.117	5.25269866245198e-05	c1	PATL1
1.64003298676312e-09	0.454921922495741	0.423	0.359	5.52592714559966e-05	c1	PQBP1
1.87586616224412e-09	0.592022606939533	0.339	0.27	6.32054344706535e-05	c1	GOLGA4
1.89271540815423e-09	0.619981159310417	0.28	0.212	6.37731529623487e-05	c1	ZMYM5
2.01428242668918e-09	0.380552530611463	0.475	0.41	6.78692320848652e-05	c1	GRB2
2.03832955332738e-09	1.09281972260239	0.104	0.059	6.86794759698129e-05	c1	MIR181A1HG
2.13540849489178e-09	0.64223970840556	0.237	0.17	7.19504538268836e-05	c1	DDX39B
2.20112702382947e-09	0.751935349142889	0.205	0.143	7.41647739409101e-05	c1	UHRF2
2.26044074128795e-09	0.593483482655287	0.288	0.22	7.61632903369561e-05	c1	RANGAP1
2.34852939105607e-09	0.783095069793209	0.178	0.12	7.91313493022433e-05	c1	DNAJC2
2.42247445354276e-09	0.48385174619661	0.465	0.406	8.16228542376699e-05	c1	UBE2N
2.44154287882986e-09	0.959287901575635	0.103	0.058	8.22653457592933e-05	c1	SEC14L2
2.51129523939867e-09	0.650863774663053	0.219	0.154	8.46155817962989e-05	c1	NDEL1
2.72269938884284e-09	1.15090216568832	0.08	0.041	9.17386332076707e-05	c1	PNO1
2.74406114311247e-09	0.18465991451618	0.913	0.91	9.24583961560317e-05	c1	ATP5L
2.88445874126948e-09	0.217797956412669	0.858	0.835	9.71889528283339e-05	c1	SERP1
2.93921452699831e-09	2.35372531846701	0.017	0.003	9.9033894272681e-05	c1	TRGV5P
2.94696005695734e-09	0.830525332280167	0.203	0.144	9.92948721591206e-05	c1	RAB33A
2.97326810786995e-09	0.937694053080381	0.153	0.1	0.00010018129562657	c1	UBE2R2
3.03261966829522e-09	0.814091031700362	0.178	0.12	0.000102181087103539	c1	SLC1A5
3.36995381600915e-09	0.418030525350676	0.542	0.478	0.000113547223876612	c1	FLNA
3.7501813805821e-09	0.654829935461662	0.3	0.236	0.000126358611437333	c1	CNOT2
3.76517062583401e-09	0.847769996219823	0.149	0.096	0.000126863659066851	c1	WDR36
3.83052909411328e-09	1.40928340544774	0.064	0.031	0.000129065847297053	c1	B3GALNT2
4.03270219622051e-09	0.509909636546318	0.388	0.324	0.000135877867799454	c1	PAFAH1B1
4.13711247311391e-09	0.573065439097527	0.348	0.284	0.0001393958676691	c1	CHIC2
4.34675199356611e-09	1.41716471970906	0.072	0.036	0.000146459461671216	c1	DNMT3A
4.34855809857802e-09	0.760728335422166	0.198	0.139	0.000146520316573488	c1	DCUN1D5
4.44051971876587e-09	0.560959953654789	0.336	0.271	0.000149618871404097	c1	NXT1
4.54047076584729e-09	2.54912842626863	0.018	0.004	0.000152986621984459	c1	SPRY2
4.56207563297449e-09	2.32907543073102	0.018	0.004	0.000153714576377443	c1	NEU4
4.59668452281573e-09	0.386156400958205	0.634	0.59	0.000154880688311753	c1	ZFP36L1
4.79159147218792e-09	1.51361444016686	0.043	0.017	0.0001614478830639	c1	ZNF296
5.18961801386419e-09	0.465853448384905	0.478	0.417	0.00017485898935914	c1	PRPF38B
5.56644708248347e-09	0.559461315559639	0.312	0.246	0.000187555867997198	c1	ETNK1
5.91001544249755e-09	0.77547021312415	0.151	0.097	0.000199132060319513	c1	OSBPL3
5.95426334040221e-09	1.2314803129797	0.076	0.039	0.000200622948991512	c1	MOB1B
5.95786445657178e-09	0.5327559602962	0.363	0.298	0.00020074428499973	c1	LBR
6.16484460459869e-09	2.79512344148619	0.018	0.004	0.000207718274107348	c1	GAL3ST2
6.36713490367148e-09	0.516954774239677	0.464	0.405	0.000214534243444307	c1	KRAS
7.75076179557814e-09	0.719617533958141	0.257	0.195	0.00026115416794021	c1	SPTBN1
7.81731855412233e-09	0.762983978768804	0.202	0.144	0.000263396731362598	c1	PRPF3
8.94473843870761e-09	0.791895572067415	0.179	0.123	0.000301384016953814	c1	ELL2
9.29182246336899e-09	1.33473379098637	0.063	0.03	0.000313078666080755	c1	SH3D21
9.45166705210505e-09	0.839028532308791	0.176	0.122	0.000318464469653627	c1	PSMD5
9.84297554840984e-09	0.840616975985604	0.168	0.115	0.000331649218128121	c1	C7orf60
1.0065867419315e-08	1.74480259936263	0.035	0.013	0.000339159336826399	c1	PER2
1.05649529784475e-08	0.477934388324678	0.369	0.303	0.000355975525655812	c1	LUC7L2
1.05947519670793e-08	0.75255706254217	0.2	0.142	0.00035697957277877	c1	UIMC1
1.08607875429115e-08	0.430996606011987	0.124	0.074	0.000365943375470861	c1	TRAV22
1.1463651055583e-08	0.807529622772287	0.229	0.17	0.000386256258666812	c1	LINC00969
1.16748295664656e-08	0.956888386161514	0.175	0.123	0.000393371707412491	c1	TOLLIP
1.17584712699901e-08	0.999844639044239	0.12	0.074	0.000396189930971046	c1	ASB1
1.35895246161557e-08	0.518852002761788	0.352	0.286	0.000457885442416751	c1	AKIRIN2
1.40004616916413e-08	0.983059751661147	0.138	0.089	0.000471731556238163	c1	MYSM1
1.46242662388572e-08	0.859323645852226	0.16	0.108	0.000492750026652055	c1	USP22
1.46466676832326e-08	0.913447511983573	0.105	0.061	0.000493504820918841	c1	HIST1H2BJ
1.84415406826737e-08	0.575012632301019	0.329	0.266	0.000621369271762009	c1	UFM1
2.00627976779384e-08	0.718981362336416	0.204	0.145	0.000675995904960455	c1	ITCH
2.15723493401708e-08	0.551397142946532	0.413	0.358	0.000726858738667715	c1	UQCRC2
2.16332578128546e-08	0.684730333535646	0.323	0.267	0.000728910988746324	c1	VIMP
2.24562572534417e-08	0.609266249403674	0.279	0.218	0.000756641131897464	c1	SUPT5H
2.2522625561389e-08	1.28366456778935	0.048	0.021	0.00075887734566544	c1	PAPD7
2.29253339047411e-08	0.708701172642058	0.188	0.131	0.000772446200586347	c1	FOXJ3
2.33816520044663e-08	0.91229016935716	0.163	0.111	0.000787821382638487	c1	HMCES
2.35806293047175e-08	0.789295228898408	0.084	0.046	0.000794525723793153	c1	AREG
2.37525985549637e-08	1.04735328470864	0.133	0.087	0.000800320055710948	c1	MED13
2.42603792476229e-08	0.83382220614203	0.178	0.124	0.000817429218369407	c1	PLPP5
2.43767692355916e-08	1.51304652693199	0.043	0.018	0.000821350862624022	c1	VEGFA
2.44293724670447e-08	0.699866409531637	0.169	0.115	0.000823123275904603	c1	AARS
2.47401290053875e-08	1.09226848545781	0.07	0.036	0.000833593906707526	c1	RASGEF1B
2.58285191472183e-08	0.618549108758177	0.268	0.209	0.000870266124146372	c1	VMA21
2.61816118914324e-08	1.38472819336555	0.047	0.02	0.000882163231069924	c1	CHRNE
2.67588783522897e-08	0.809030509789098	0.215	0.158	0.000901613647202048	c1	STARD3NL
2.84456588640832e-08	0.791013074797202	0.186	0.133	0.00095844802976642	c1	SERTAD3
2.8643940419964e-08	0.584850156205037	0.238	0.176	0.000965128928510267	c1	ZCCHC6
3.00362144508862e-08	0.684006522715094	0.251	0.193	0.00101204020970816	c1	MRPL55
3.13095929073574e-08	1.11726240223695	0.086	0.048	0.0010549454234205	c1	SLC35E1
3.19329797372541e-08	1.33722484437914	0.058	0.028	0.00107594981926704	c1	PDE4A
3.38179057162118e-08	0.370200386849877	0.55	0.504	0.00113946051520204	c1	SNHG7
3.59176367303203e-08	0.702024783755711	0.129	0.081	0.00121020885199141	c1	CHST7
3.67441316084875e-08	0.641705174496388	0.229	0.17	0.00123805677041638	c1	ANKHD1
3.79474046732165e-08	1.21099955738138	0.073	0.038	0.00127859985305936	c1	NOD2
4.60170730037626e-08	0.723124005460244	0.204	0.145	0.00155049925778878	c1	F2R
4.80759465518192e-08	1.86877912541713	0.033	0.012	0.001619870943117	c1	MAP4K3
4.89179528431118e-08	0.794080657146101	0.183	0.13	0.00164824150309581	c1	CALU
5.0091806158171e-08	0.506555128317191	0.389	0.331	0.00168779331669341	c1	YTHDC1
6.11995712234895e-08	0.814450603584605	0.172	0.12	0.00206205835280425	c1	WDR26
6.19294514891777e-08	0.955257721545171	0.132	0.086	0.00208665093847635	c1	TRIM11
6.4183931768512e-08	0.904464682489635	0.121	0.076	0.00216261339700824	c1	RP1-151F17.1
6.67121079928597e-08	0.603777510257654	0.277	0.219	0.00224779776671141	c1	CLK3
6.7169954779517e-08	1.63367515829135	0.033	0.013	0.00226322445634104	c1	RP5-1074L1.4
6.79414982387005e-08	0.980436656928919	0.088	0.05	0.00228922084165477	c1	XPO5
7.0754638429815e-08	0.20151889197621	0.773	0.729	0.00238400678725419	c1	SQSTM1
7.61736796690004e-08	0.847203225045165	0.147	0.099	0.0025665959627673	c1	CPD
7.64341572418658e-08	0.62647628697593	0.275	0.215	0.00257537249410743	c1	PLEKHF1
7.82120587763907e-08	0.650780290418195	0.147	0.097	0.00263527710841171	c1	MXD1
7.85371169521625e-08	0.239368245721848	0.713	0.678	0.00264622961858616	c1	CSDE1
7.86257659589137e-08	1.08696815312711	0.066	0.034	0.00264921655821964	c1	HIST1H2AK
8.21861436298974e-08	0.279542279653447	0.621	0.57	0.00276917992346576	c1	CSNK2B
8.38432608311994e-08	0.718617281577701	0.157	0.106	0.00282501483044643	c1	MYNN
8.54400472613412e-08	0.551433217715816	0.249	0.19	0.00287881695242363	c1	RAB24
8.57687094320535e-08	0.937652615732559	0.098	0.058	0.00288989089560361	c1	ESYT2
8.89161419235617e-08	0.956207446038164	0.125	0.08	0.00299594048597249	c1	SERTAD2
9.04947821092979e-08	0.5969757707384	0.298	0.242	0.00304913118839068	c1	AP2B1
9.15257393728339e-08	1.15831254010665	0.064	0.033	0.00308386826242826	c1	FAM49A
9.34638410930005e-08	0.415203353386048	0.456	0.403	0.00314917066178756	c1	DDX6
9.76664113082707e-08	0.40028353036342	0.476	0.417	0.00329077206262087	c1	SH2D1A
1.02387085235128e-07	0.99370552680183	0.093	0.054	0.00344983044991242	c1	ING2
1.04958308249455e-07	1.30279569676548	0.073	0.039	0.00353646523815715	c1	CEP128
1.07225382557334e-07	1.39407774196341	0.061	0.031	0.00361285203988683	c1	RDH10
1.07600645359322e-07	1.12863736566746	0.078	0.043	0.003625496144737	c1	ZNF674-AS1
1.1590449655253e-07	0.663187902148046	0.193	0.139	0.00390528610684094	c1	CSGALNACT2
1.16808519688668e-07	1.39004158230898	0.043	0.018	0.00393574626238997	c1	RP11-463O12.3
1.19023411757713e-07	0.516795069616748	0.304	0.242	0.00401037483576437	c1	GALM
1.25114016465481e-07	0.435135037611316	0.376	0.317	0.00421559167078792	c1	TMBIM1
1.28591689089481e-07	0.437525568239467	0.455	0.402	0.00433276837218096	c1	HNRNPU
1.31456185268701e-07	0.721851466311529	0.154	0.105	0.0044292847064436	c1	USP42
1.31526530210387e-07	1.69397045778652	0.018	0.005	0.00443165490890877	c1	ITGAX
1.34924241333218e-07	0.334017631476365	0.487	0.427	0.00454613738748145	c1	WASF2
1.39589276078059e-07	0.877598667540141	0.123	0.079	0.00470332106817411	c1	TMCO3
1.39821635588827e-07	0.570427581658688	0.23	0.173	0.00471115018952993	c1	CARS
1.54606673318266e-07	0.408773686419861	0.407	0.349	0.00520931725078566	c1	TMUB1
1.58573350575622e-07	0.525666089249822	0.356	0.301	0.005342970474295	c1	PIAS1
1.58663685124729e-07	0.973696990574333	0.12	0.078	0.00534601420659263	c1	JARID2
1.60414726639849e-07	0.743147829656279	0.192	0.14	0.00540501379940306	c1	IP6K1
1.62397794341321e-07	0.565012390460102	0.296	0.239	0.00547183128253647	c1	RDH11
1.65213606395348e-07	0.8001116377005	0.164	0.116	0.00556670725388485	c1	GNL2
1.66454468143334e-07	0.84187629010506	0.125	0.081	0.00560851684962151	c1	TBC1D25
1.67249705593099e-07	0.559195929738109	0.231	0.173	0.00563531158025386	c1	CEBPG
1.69766694409242e-07	0.990068111801638	0.108	0.068	0.005720119001425	c1	KLHL21
1.75780599630715e-07	0.629962344593448	0.224	0.17	0.0059227515239573	c1	LMNB1
1.91236564792083e-07	1.52087209368393	0.043	0.019	0.00644352481410446	c1	CCRL2
1.91950376790472e-07	0.65425236826739	0.198	0.145	0.00646757599557817	c1	VGLL4
2.02990186066061e-07	4.78991264999989	0.007	0.001	0.00683955132930986	c1	IQCJ-SCHIP1
2.27924767698499e-07	1.30188844433374	0.067	0.036	0.00767969712283324	c1	IMPAD1
2.30731735500895e-07	1.14847235382272	0.087	0.051	0.00777427509596717	c1	NAT10
2.40999663454209e-07	0.697832505842043	0.246	0.188	0.00812024266042612	c1	LY9
2.50783884460767e-07	0.930538834834008	0.113	0.071	0.00844991220302107	c1	THOC1
2.55366956667924e-07	0.540227133151801	0.268	0.213	0.00860433423796903	c1	DDX3X
2.89253057794614e-07	0.629115207862777	0.215	0.161	0.00974609252933172	c1	TIA1
2.92356431563456e-07	0.765790326871638	0.144	0.098	0.00985065760509908	c1	BCL2L11
2.98170656635584e-07	0.559671686946607	0.282	0.226	0.0100465621046794	c1	PPP2R2A
2.98692259989968e-07	0.5313188979944	0.284	0.224	0.010064137008102	c1	SLA
3.0120161272871e-07	0.397689348896786	0.473	0.426	0.0101486871392812	c1	RNF181
3.13898837266106e-07	0.738871826538881	0.166	0.117	0.0105765074228442	c1	CLPX
3.16757649533073e-07	0.740469354391749	0.236	0.186	0.0106728322433674	c1	NDUFB8
3.17225940976295e-07	0.954395667729705	0.093	0.055	0.0106886108552553	c1	SBNO2
3.31769236672106e-07	0.409405773091466	0.394	0.337	0.0111786326604299	c1	UBE2L3
3.51068882601478e-07	0.650312490074279	0.236	0.184	0.0118289149303742	c1	USP10
3.51188675710496e-07	0.38524528177515	0.375	0.313	0.0118329512393894	c1	SH3KBP1
3.66758696720352e-07	2.11891265539061	0.021	0.006	0.0123575675272956	c1	PHEX
3.78929538970932e-07	0.668584037636839	0.216	0.163	0.0127676518860866	c1	VPS26A
4.06162652263014e-07	1.08301775448779	0.088	0.053	0.01368524440535	c1	MIOS
4.10658683514527e-07	0.573265412213654	0.227	0.171	0.0138367336823385	c1	SETD5
4.39270689612796e-07	0.746491801987698	0.211	0.16	0.0148007866158136	c1	GDE1
4.39467087385556e-07	0.588135777040982	0.22	0.167	0.0148074040423689	c1	ADPGK
4.55175333965627e-07	0.950335282540518	0.103	0.065	0.0153366777026379	c1	RABGEF1
4.55387588908084e-07	1.25282796996465	0.03	0.012	0.015343829420669	c1	IRF8
5.18358448131885e-07	0.339593132223316	0.503	0.448	0.0174655695513557	c1	ACAP1
5.20379971221392e-07	1.83086903184735	0.029	0.011	0.0175336827503336	c1	PLS3
5.47471020460038e-07	0.903546799498804	0.107	0.068	0.0184464885633805	c1	MTMR3
5.47879656102854e-07	0.396607066375013	0.451	0.403	0.0184602571327296	c1	RAB11A
5.84859245190675e-07	0.171842766168991	0.886	0.845	0.0197062474074546	c1	ARPC2
5.87343529238528e-07	1.27220306026976	0.031	0.012	0.019789952874163	c1	KIR3DL2
5.88769179587341e-07	0.526260507618463	0.347	0.295	0.0198379887370159	c1	RAB6A
6.38588345598708e-07	0.879048394009126	0.096	0.059	0.0215165957166029	c1	RBSN
6.48480149267028e-07	0.830589413424922	0.089	0.053	0.0218498901494032	c1	CCDC141
6.63376299221664e-07	0.852385619872102	0.124	0.082	0.0223518010259747	c1	NRAS
6.84034355058831e-07	0.178415866794137	0.878	0.881	0.0230478535593523	c1	ATP5G2
7.12287822399853e-07	1.88468570422358	0.023	0.007	0.0239998258879406	c1	ZBTB46
7.15621122102211e-07	0.603887809039883	0.247	0.194	0.0241121380881119	c1	PANK2
7.39356969478449e-07	0.755719215396183	0.148	0.102	0.0249118937296069	c1	PPME1
7.4785075099778e-07	0.531350990008883	0.258	0.202	0.0251980832041192	c1	HNRNPD
7.63266326972962e-07	0.312902498597472	0.553	0.512	0.025717495621027	c1	POLR1D
8.19008016454662e-07	0.727833969497856	0.127	0.084	0.0275956561064234	c1	RAB21
8.31268272155337e-07	0.525867889668764	0.316	0.267	0.0280087531620019	c1	CNOT8
8.48312916212819e-07	0.592160702848465	0.193	0.142	0.0285830553988747	c1	ZDHHC20
8.61420976936826e-07	1.04097431533122	0.058	0.031	0.0290247183969094	c1	MNT
8.64762602000652e-07	0.363300365886292	0.465	0.413	0.02913731111181	c1	BAZ1A
8.94629444418071e-07	0.600744658920398	0.214	0.162	0.0301436445002225	c1	ZNF160
9.07547447542694e-07	2.20323848375536	0.017	0.005	0.0305789036975035	c1	KIR3DX1
9.42904994618955e-07	0.791171796223145	0.145	0.101	0.0317702408886911	c1	PSD4
9.49297749524575e-07	0.341311349781539	0.5	0.456	0.031985638372481	c1	NONO
9.95318848392187e-07	0.587247492761985	0.214	0.163	0.0335362732777264	c1	PUM1
1.01018210564995e-06	0.896898422725944	0.103	0.066	0.0340370758677693	c1	DDX19B
1.03413176214654e-06	1.28693106259982	0.047	0.023	0.0348440355937656	c1	ADAM9
1.04939239060504e-06	0.939795034497666	0.09	0.055	0.0353582272090463	c1	PKNOX1
1.05441589177282e-06	0.585125523763969	0.214	0.161	0.0355274890573932	c1	PEA15
1.08062051960054e-06	0.593002187360313	0.254	0.202	0.0364104277874207	c1	PPM1B
1.1036718805314e-06	2.30187549511334	0.011	0.002	0.0371871203426251	c1	AC114730.2
1.13057505546399e-06	1.05852014695394	0.093	0.057	0.0380935959188037	c1	PARVB
1.17339613503976e-06	0.682272811225089	0.194	0.146	0.0395364093740297	c1	XXbac-BPG32J3.22
1.18270994071976e-06	0.926812886250432	0.091	0.056	0.0398502287426115	c1	C16orf72
1.19254276155304e-06	1.13800799852974	0.066	0.037	0.040181535807768	c1	ARID3A
1.23018930550606e-06	1.14539720947006	0.068	0.038	0.0414499984597213	c1	RGS9
1.23288665701523e-06	0.469366183067664	0.354	0.302	0.0415408830214711	c1	COPB1
1.23570279382146e-06	0.654131103744878	0.207	0.158	0.0416357699350203	c1	TRPM7
1.28685636611737e-06	1.12324154077032	0.078	0.046	0.0433593383999586	c1	EIF3B
1.3384028531558e-06	0.647012787459146	0.186	0.137	0.0450961457342315	c1	UGCG
1.3775771079401e-06	1.22485850297053	0.056	0.029	0.0464160830749339	c1	ACSL1
1.41659460088894e-06	0.161662309070161	0.906	0.904	0.0477307384823521	c1	SNRPD2
1.46613869284809e-06	0.515977243493535	0.309	0.256	0.0494000771168236	c1	KLHL24
